 Wd pai   fai   zH  zHmax   zHstd zd z0  noOfPixels
  0 0.632 2.233 89.511 183.502 63.953 172.094 23.162   125
  5 0.600 1.642 92.112 183.502 60.627 168.289 19.827   125
 10 0.608 1.697 95.817 183.502 58.496 170.590 18.021   125
 15 0.597 1.854 92.324 183.502 56.292 164.017 18.735   129
 20 0.621 1.372 89.759 155.881 54.096 158.231 14.078   132
 25 0.562 1.072 86.833 155.881 55.455 151.277 15.923   137
 30 0.524 1.397 93.121 155.881 56.610 154.114 20.041   143
 35 0.536 2.160 88.153 193.780 60.949 159.552 27.308   151
 40 0.623 2.028 108.801 254.374 70.018 203.626 23.126   162
 45 0.634 1.654 107.857 254.374 68.101 201.895 19.284   175
 50 0.667 1.469 119.938 254.374 65.092 214.846 13.575   162
 55 0.629 1.313 124.923 254.374 64.828 215.363 14.555   151
 60 0.699 1.532 122.869 254.374 67.031 223.557 12.176   143
 65 0.679 1.349 117.203 254.374 66.748 215.065 12.822   137
 70 0.636 1.668 106.883 254.374 62.436 195.246 16.721   132
 75 0.659 0.993 101.403 173.172 49.203 170.526 7.707   129
 80 0.680 1.410 114.350 174.751 52.132 188.261 8.969   125
 85 0.728 1.012 132.357 174.751 47.095 152.301 4.189   125
 90 0.592 1.041 149.847 174.751 34.959 160.056 7.315   125
 95 0.624 1.098 152.076 174.751 33.883 165.546 6.250   125
100 0.568 1.302 144.774 173.172 41.737 152.351 10.569   125
105 0.690 2.056 138.357 173.172 44.201 156.156 7.935   129
110 0.515 1.771 134.940 173.172 49.001 137.097 17.083   132
115 0.358 1.466 94.613 153.580 47.574 128.471 21.835   137
120 0.161 2.562 124.569 183.587 59.198 83.234 42.553   143
125 0.536 1.592 112.771 189.619 55.051 176.286 18.189   151
130 0.531 2.076 101.383 189.619 52.924 163.363 20.333   162
135 0.520 1.639 105.307 189.619 49.386 162.540 17.054   175
140 0.574 1.528 133.009 189.619 49.762 194.197 13.344   162
145 0.503 1.941 132.366 189.619 48.198 183.387 18.048   151
150 0.524 1.779 104.390 189.619 60.036 171.850 22.980   143
155 0.518 1.891 87.928 183.502 54.818 150.730 22.726   137
160 0.576 1.569 87.707 183.502 53.061 154.434 17.299   132
165 0.643 1.370 92.226 183.502 50.836 162.820 11.408   129
170 0.592 2.074 94.275 183.502 54.349 163.553 18.661   125
175 0.648 2.378 97.610 183.502 60.985 178.662 19.482   125
180 0.632 2.148 89.511 183.502 63.953 172.094 22.752   125
185 0.600 1.642 92.112 183.502 60.627 168.289 19.828   125
190 0.608 1.618 95.817 183.502 58.496 170.590 17.592   125
195 0.597 1.915 92.324 183.502 56.292 164.017 19.019   129
200 0.629 1.642 87.219 183.502 55.042 160.723 15.844   132
205 0.533 1.376 92.682 155.881 54.762 152.990 18.576   137
210 0.545 1.167 90.649 155.881 56.886 154.352 17.771   143
215 0.543 1.521 85.164 193.780 58.792 155.353 22.365   151
220 0.654 1.506 114.033 254.374 72.952 215.474 18.245   162
225 0.634 1.654 107.857 254.374 68.101 201.895 19.284   175
230 0.673 1.518 116.125 254.374 64.923 211.374 13.666   162
235 0.656 1.357 123.577 254.374 66.075 218.360 13.700   151
240 0.692 1.643 123.756 254.374 66.783 223.447 13.066   143
245 0.701 1.171 108.614 254.374 65.421 206.870 10.503   137
250 0.636 1.114 101.844 254.374 60.609 188.075 12.944   132
255 0.659 1.117 101.403 173.172 49.203 170.526 8.368   129
260 0.680 1.163 114.350 174.751 52.132 188.261 7.882   125
265 0.728 1.362 132.357 174.751 47.095 152.301 5.289   125
270 0.592 1.390 149.847 174.751 34.959 160.056 8.636   125
275 0.624 1.448 152.076 174.751 33.883 165.546 7.370   125
280 0.568 1.302 144.774 173.172 41.737 152.351 10.569   125
285 0.690 1.745 138.357 173.172 44.201 156.156 7.235   129
290 0.530 1.512 126.792 173.172 51.281 130.170 16.067   132
295 0.460 1.148 96.003 153.580 51.220 144.621 18.051   137
300 0.210 1.489 118.233 183.587 59.087 131.402 33.370   143
305 0.563 1.526 117.447 183.587 48.867 177.113 13.916   151
310 0.549 1.788 94.512 189.619 49.941 156.050 17.317   162
315 0.520 1.478 105.307 189.619 49.386 162.540 16.296   175
320 0.599 1.254 127.103 189.619 51.536 193.352 11.503   162
325 0.510 1.518 134.231 189.619 48.334 185.959 16.044   151
330 0.538 1.779 102.487 189.619 60.411 172.062 22.672   143
335 0.504 1.377 97.350 183.502 59.031 161.523 21.717   137
340 0.606 1.206 94.325 183.502 53.543 164.164 13.195   132
345 0.643 1.473 92.226 183.502 50.836 162.820 11.902   129
350 0.592 1.944 94.275 183.502 54.349 163.553 18.135   125
355 0.648 2.245 97.610 183.502 60.985 178.662 18.966   125
