 Wd pai   fai   zH  zHmax   zHstd zd z0  noOfPixels
  0 0.512 0.785 48.260 81.653 18.391 69.649 4.308   125
  5 0.456 1.329 52.539 81.653 18.498 70.641 6.844   125
 10 0.392 1.294 53.160 81.653 20.527 69.074 8.740   125
 15 0.395 1.004 54.667 81.653 21.009 70.839 7.988   129
 20 0.265 0.550 50.675 81.302 17.569 56.454 7.559   132
 25 0.000 0.000 0.000 0.000 0.000 0.000 0.000   137
 30 0.000 0.000 0.000 0.000 0.000 0.000 0.000   143
 35 0.265 0.804 55.716 70.564 8.972 52.643 8.697   151
 40 0.395 1.020 49.251 104.220 24.276 71.575 9.085   162
 45 0.463 0.812 41.308 104.220 26.652 70.456 8.437   175
 50 0.475 1.063 37.125 74.249 17.354 56.234 5.509   162
 55 0.483 0.777 29.314 56.185 12.085 42.962 3.117   151
 60 0.559 0.770 32.083 73.521 17.372 54.512 3.734   143
 65 0.518 0.549 30.083 73.521 18.069 51.852 3.719   137
 70 0.485 0.455 24.884 56.185 10.021 36.944 1.794   132
 75 0.481 0.603 21.744 56.185 7.732 31.590 1.725   129
 80 0.488 0.619 26.724 45.682 10.915 38.629 2.405   125
 85 0.576 0.706 28.706 56.684 12.293 45.292 2.123   125
 90 0.560 0.597 27.984 56.684 13.915 45.725 2.393   125
 95 0.488 0.588 24.764 45.682 10.959 36.918 2.356   125
100 0.504 0.700 28.914 45.682 11.171 41.241 2.509   125
105 0.659 0.807 27.366 57.689 10.431 44.175 1.256   129
110 0.568 0.647 23.149 69.724 10.828 38.721 1.867   132
115 0.358 0.458 25.900 69.724 17.635 41.566 4.855   137
120 0.049 0.629 60.913 66.503 8.839 26.522 19.016   143
125 0.497 1.192 57.533 87.749 26.063 84.496 8.219   151
130 0.475 1.237 60.158 87.749 25.309 84.730 8.519   162
135 0.446 0.680 54.795 87.749 21.982 75.674 5.905   175
140 0.543 0.836 47.062 87.749 23.162 75.106 5.338   162
145 0.642 0.787 45.323 74.228 23.061 76.139 3.391   151
150 0.580 0.708 46.489 74.228 23.812 75.191 4.333   143
155 0.511 0.847 48.343 72.652 22.281 71.876 5.636   137
160 0.485 0.650 59.208 72.652 17.915 58.856 4.251   132
165 0.504 0.941 56.599 72.652 18.697 57.047 5.044   129
170 0.472 0.884 54.669 72.652 18.009 53.821 5.269   125
175 0.536 0.784 46.333 81.653 19.237 69.771 4.161   125
180 0.512 0.810 48.260 81.653 18.391 69.649 4.389   125
185 0.456 1.362 52.539 81.653 18.498 70.641 6.915   125
190 0.392 1.294 53.160 81.653 20.527 69.074 8.740   125
195 0.395 0.976 54.667 81.653 21.009 70.839 7.889   129
200 0.273 0.575 60.149 81.653 19.052 64.405 8.708   132
205 0.000 0.000 0.000 0.000 0.000 0.000 0.000   137
210 0.000 0.000 0.000 0.000 0.000 0.000 0.000   143
215 0.265 0.754 53.714 66.007 10.958 51.937 8.319   151
220 0.407 1.076 45.943 104.220 22.140 67.581 8.273   162
225 0.463 0.812 41.308 104.220 26.652 70.456 8.438   175
230 0.451 0.729 37.086 74.249 16.150 54.104 4.451   162
235 0.490 0.793 29.126 56.185 12.028 42.939 3.073   151
240 0.552 0.806 32.549 73.521 17.425 54.787 3.939   143
245 0.533 0.624 31.553 73.521 19.440 55.099 4.238   137
250 0.492 0.484 24.283 56.185 9.005 35.582 1.639   132
255 0.481 0.582 21.744 56.185 7.732 31.590 1.685   129
260 0.488 0.606 26.724 45.682 10.915 38.629 2.372   125
265 0.576 0.700 28.706 56.684 12.293 45.292 2.108   125
270 0.560 0.598 27.984 56.684 13.915 45.725 2.396   125
275 0.488 0.570 24.764 45.682 10.959 36.918 2.307   125
280 0.504 0.703 28.914 45.682 11.171 41.241 2.516   125
285 0.659 0.731 27.366 57.689 10.431 44.175 1.158   129
290 0.576 0.570 25.906 69.724 12.420 43.463 1.896   132
295 0.358 0.409 28.654 69.724 18.323 44.459 4.621   137
300 0.049 0.513 60.913 66.503 8.839 26.522 17.651   143
305 0.470 1.550 51.795 87.749 26.932 78.775 10.501   151
310 0.543 0.853 59.802 87.749 25.813 89.014 5.782   162
315 0.446 0.767 54.795 87.749 21.982 75.674 6.323   175
320 0.531 0.999 49.965 87.749 23.227 77.235 6.077   162
325 0.656 0.693 44.385 74.228 23.582 76.291 2.978   151
330 0.580 0.759 46.389 74.228 23.892 75.172 4.582   143
335 0.474 0.608 46.960 72.390 21.506 68.161 4.969   137
340 0.447 1.028 57.649 72.652 18.858 55.652 6.492   132
345 0.504 0.980 56.599 72.652 18.697 57.047 5.157   129
350 0.472 0.887 54.669 72.652 18.009 53.821 5.279   125
355 0.536 0.810 46.333 81.653 19.237 69.771 4.250   125
