 Wd pai   fai   zH  zHmax   zHstd zd z0  noOfPixels
  0 0.016 0.026 12.232 13.161 0.930 3.832 0.324   125
  5 0.000 0.000 0.000 0.000 0.000 0.000 0.000   125
 10 0.000 0.000 0.000 0.000 0.000 0.000 0.000   125
 15 0.000 0.000 0.000 0.000 0.000 0.000 0.000   129
 20 0.000 0.000 0.000 0.000 0.000 0.000 0.000   132
 25 0.000 0.000 0.000 0.000 0.000 0.000 0.000   137
 30 0.000 0.000 0.000 0.000 0.000 0.000 0.000   143
 35 0.000 0.000 0.000 0.000 0.000 0.000 0.000   151
 40 0.000 0.000 0.000 0.000 0.000 0.000 0.000   162
 45 0.000 0.000 0.000 0.000 0.000 0.000 0.000   175
 50 0.000 0.000 0.000 0.000 0.000 0.000 0.000   162
 55 0.000 0.000 0.000 0.000 0.000 0.000 0.000   151
 60 0.000 0.000 0.000 0.000 0.000 0.000 0.000   143
 65 0.000 0.000 0.000 0.000 0.000 0.000 0.000   137
 70 0.000 0.000 0.000 0.000 0.000 0.000 0.000   132
 75 0.000 0.000 0.000 0.000 0.000 0.000 0.000   129
 80 0.056 0.106 52.962 52.962 0.000 24.205 5.951   125
 85 0.088 0.214 53.163 54.065 0.425 28.899 8.664   125
 90 0.136 0.220 54.134 56.946 1.815 35.359 7.278   125
 95 0.128 0.334 54.456 56.946 1.929 34.796 9.681   125
100 0.064 0.220 55.950 56.946 1.725 26.830 10.222   125
105 0.070 0.390 42.758 56.946 12.229 27.521 10.212   129
110 0.129 0.336 57.983 60.448 2.063 37.104 10.304   132
115 0.146 0.325 34.752 60.448 26.765 22.424 7.040   137
120 0.112 0.640 55.053 70.403 10.641 39.266 13.822   143
125 0.159 0.291 60.076 70.403 6.784 45.056 8.650   151
130 0.198 0.389 45.485 56.257 8.214 39.050 6.608   162
135 0.114 0.314 47.383 63.633 14.018 36.644 8.614   175
140 0.173 0.275 58.257 63.633 4.484 43.172 7.641   162
145 0.079 0.308 60.758 63.633 2.430 32.832 12.567   151
150 0.077 0.420 59.871 63.633 5.527 30.675 14.449   143
155 0.073 0.323 55.443 63.633 15.149 27.875 11.957   137
160 0.015 0.139 36.609 57.271 20.662 16.349 6.047   132
165 0.054 0.029 15.690 16.624 1.204 7.090 0.379   129
170 0.024 0.037 18.815 19.163 0.246 6.438 0.799   125
175 0.032 0.038 18.317 18.811 0.493 7.028 0.751   125
180 0.016 0.049 12.232 13.161 0.930 3.832 0.770   125
185 0.000 0.000 0.000 0.000 0.000 0.000 0.000   125
190 0.000 0.000 0.000 0.000 0.000 0.000 0.000   125
195 0.000 0.000 0.000 0.000 0.000 0.000 0.000   129
200 0.000 0.000 0.000 0.000 0.000 0.000 0.000   132
205 0.000 0.000 0.000 0.000 0.000 0.000 0.000   137
210 0.000 0.000 0.000 0.000 0.000 0.000 0.000   143
215 0.000 0.000 0.000 0.000 0.000 0.000 0.000   151
220 0.000 0.000 0.000 0.000 0.000 0.000 0.000   162
225 0.000 0.000 0.000 0.000 0.000 0.000 0.000   175
230 0.000 0.000 0.000 0.000 0.000 0.000 0.000   162
235 0.000 0.000 0.000 0.000 0.000 0.000 0.000   151
240 0.000 0.000 0.000 0.000 0.000 0.000 0.000   143
245 0.000 0.000 0.000 0.000 0.000 0.000 0.000   137
250 0.000 0.000 0.000 0.000 0.000 0.000 0.000   132
255 0.000 0.000 0.000 0.000 0.000 0.000 0.000   129
260 0.056 0.106 52.962 52.962 0.000 24.205 5.951   125
265 0.088 0.106 53.163 54.065 0.425 28.899 5.120   125
270 0.136 0.220 54.134 56.946 1.815 35.359 7.278   125
275 0.128 0.334 54.456 56.946 1.929 34.796 9.681   125
280 0.064 0.220 55.950 56.946 1.725 26.830 10.222   125
285 0.070 0.328 42.758 56.946 12.229 27.521 9.417   129
290 0.159 0.241 53.191 60.448 15.694 35.402 6.967   132
295 0.124 0.323 26.968 60.448 26.042 33.371 6.151   137
300 0.112 0.576 55.053 70.403 10.641 39.266 13.275   143
305 0.113 0.210 57.921 70.403 4.558 37.911 8.335   151
310 0.179 0.427 45.947 56.257 7.249 37.433 7.513   162
315 0.114 0.236 47.383 63.633 14.018 36.644 7.323   175
320 0.130 0.360 59.001 63.633 4.425 39.248 10.803   162
325 0.046 0.203 60.816 63.633 2.439 27.072 11.368   151
330 0.077 0.311 59.871 63.633 5.527 30.675 12.542   143
335 0.036 0.323 60.321 63.633 4.738 23.630 15.050   137
340 0.053 0.028 27.490 57.271 18.839 22.267 0.646   132
345 0.054 0.032 15.690 16.624 1.204 7.090 0.445   129
350 0.024 0.000 18.815 19.163 0.246 6.438 0.000   125
355 0.032 0.036 18.317 18.811 0.493 7.028 0.696   125
