 Wd pai   fai   zH  zHmax   zHstd zd z0  noOfPixels
  0 0.488 0.629 28.044 50.960 12.032 41.386 2.694   125
  5 0.456 0.762 33.462 57.641 15.071 48.495 4.206   125
 10 0.456 0.656 35.360 57.641 15.412 50.396 3.928   125
 15 0.496 0.728 41.977 101.023 29.944 75.609 8.742   129
 20 0.500 0.802 35.489 101.023 28.399 68.208 9.396   132
 25 0.453 0.625 28.547 101.023 22.949 54.226 7.183   137
 30 0.420 0.481 22.656 41.209 8.679 30.845 2.053   143
 35 0.404 0.498 23.906 54.797 9.346 33.175 2.371   151
 40 0.389 0.509 22.900 48.820 12.898 34.492 3.441   162
 45 0.366 0.576 27.796 62.054 15.451 41.068 4.628   175
 50 0.383 0.738 34.793 119.166 30.738 64.838 12.130   162
 55 0.464 0.625 39.163 119.166 28.456 71.112 8.210   151
 60 0.406 0.965 31.613 90.096 17.136 49.246 6.200   143
 65 0.409 0.804 34.263 114.129 27.770 62.802 10.675   137
 70 0.364 0.836 44.565 114.129 37.804 77.720 15.629   132
 75 0.426 0.703 55.215 110.633 35.559 88.922 11.111   129
 80 0.488 0.758 49.888 110.633 26.486 80.118 7.004   125
 85 0.448 0.700 50.978 79.525 26.188 74.944 7.261   125
 90 0.552 0.671 55.868 79.525 25.686 58.190 4.829   125
 95 0.528 0.873 58.056 79.525 25.559 59.509 6.154   125
100 0.424 0.764 54.784 102.016 27.500 80.645 8.440   125
105 0.364 0.449 48.362 102.016 33.700 76.328 9.144   129
110 0.402 0.503 38.832 102.016 33.002 70.332 10.065   132
115 0.555 1.088 54.313 130.445 38.086 100.993 11.974   137
120 0.427 0.847 47.242 130.445 34.649 82.918 12.701   143
125 0.530 0.812 30.692 130.445 24.546 62.104 7.620   151
130 0.432 0.504 28.424 45.038 9.610 37.277 2.305   162
135 0.400 0.638 32.921 98.697 23.441 56.388 7.542   175
140 0.488 0.692 36.005 98.697 24.709 64.450 6.971   162
145 0.490 0.700 38.846 98.697 27.980 70.354 8.133   151
150 0.476 0.378 29.946 71.994 16.937 49.059 2.913   143
155 0.496 0.853 35.150 94.003 21.670 60.782 6.403   137
160 0.568 0.704 37.807 94.003 23.128 67.776 4.840   132
165 0.481 0.838 31.134 94.003 16.446 51.142 4.692   129
170 0.520 0.572 28.273 50.960 9.868 40.513 1.812   125
175 0.536 0.662 26.241 50.960 10.344 39.458 1.982   125
180 0.488 0.730 28.044 50.960 12.032 41.386 2.957   125
185 0.456 0.829 33.462 57.641 15.071 48.495 4.405   125
190 0.456 0.656 35.360 57.641 15.412 50.396 3.929   125
195 0.496 0.566 41.977 101.023 29.944 75.609 7.410   129
200 0.462 0.763 36.397 101.023 29.206 68.005 10.115   132
205 0.394 0.861 29.354 101.023 24.765 54.204 10.195   137
210 0.441 0.476 21.987 41.209 8.341 30.487 1.825   143
215 0.457 0.526 23.193 41.209 7.845 31.505 1.763   151
220 0.414 0.555 25.575 54.797 12.367 37.602 3.226   162
225 0.366 0.523 27.796 62.054 15.451 41.068 4.377   175
230 0.377 0.807 28.090 119.166 19.189 47.758 7.057   162
235 0.437 0.931 45.742 119.166 33.887 80.746 12.911   151
240 0.413 0.808 32.604 90.096 18.591 51.776 6.163   143
245 0.387 0.935 38.003 114.129 33.156 69.768 14.518   137
250 0.341 0.902 37.269 114.129 33.357 66.421 14.703   132
255 0.426 0.829 55.215 110.633 35.559 88.922 12.138   129
260 0.488 0.842 49.888 110.633 26.486 80.118 7.443   125
265 0.448 0.785 50.978 79.525 26.188 74.944 7.747   125
270 0.552 0.674 55.868 79.525 25.686 58.190 4.844   125
275 0.528 1.035 58.056 79.525 25.559 59.509 6.785   125
280 0.424 0.795 54.784 102.016 27.500 80.645 8.617   125
285 0.364 0.607 48.362 102.016 33.700 76.328 10.914   129
290 0.356 0.447 35.803 102.016 31.521 63.775 9.499   132
295 0.613 0.873 46.905 130.445 36.703 95.544 8.947   137
300 0.420 0.847 46.846 130.445 34.799 82.235 12.954   143
305 0.517 0.727 28.739 78.858 17.674 50.447 4.487   151
310 0.432 0.486 27.959 45.038 10.086 37.287 2.324   162
315 0.400 0.549 32.921 98.697 23.441 56.388 6.907   175
320 0.469 0.780 35.269 98.697 25.627 63.784 8.345   162
325 0.444 0.625 38.377 98.697 26.476 66.222 7.721   151
330 0.455 0.454 30.198 71.994 17.324 48.900 3.680   143
335 0.518 0.779 41.690 94.003 27.219 73.288 7.426   137
340 0.492 0.739 35.509 94.003 20.040 59.391 5.278   132
345 0.481 0.696 31.134 94.003 16.446 51.142 4.208   129
350 0.520 0.574 28.273 50.960 9.868 40.513 1.816   125
355 0.536 0.699 26.241 50.960 10.344 39.458 2.057   125
