 Wd pai   fai   zH  zHmax   zHstd zd z0  noOfPixels
  0 0.488 1.049 129.663 209.215 62.915 194.483 19.365   125
  5 0.480 1.378 122.397 209.215 56.547 181.638 19.972   125
 10 0.544 1.546 111.897 161.745 52.763 115.937 16.635   125
 15 0.411 1.891 116.735 161.745 52.276 109.325 24.052   129
 20 0.439 1.712 123.173 192.118 43.902 164.000 18.756   132
 25 0.555 1.750 96.766 192.118 50.999 159.982 17.248   137
 30 0.497 1.557 96.168 161.062 39.465 139.624 13.844   143
 35 0.444 1.037 103.040 168.137 40.567 141.830 13.708   151
 40 0.506 1.540 101.020 168.137 44.314 150.076 15.213   162
 45 0.583 0.822 72.429 130.826 38.580 120.768 7.873   175
 50 0.580 1.589 87.235 178.421 44.168 145.232 12.992   162
 55 0.497 1.352 102.168 178.421 53.233 159.232 18.497   151
 60 0.476 1.023 80.738 178.421 51.524 136.376 17.863   143
 65 0.569 1.301 78.016 178.421 49.961 140.940 15.635   137
 70 0.538 1.162 81.962 164.589 37.935 129.256 10.525   132
 75 0.465 1.590 92.421 164.589 44.522 138.018 17.397   129
 80 0.504 1.221 68.806 130.360 39.737 112.500 13.489   125
 85 0.552 1.631 71.662 174.751 44.570 127.681 16.050   125
 90 0.528 1.224 60.619 174.751 48.423 118.742 18.969   125
 95 0.480 1.417 68.434 174.751 42.878 117.120 17.001   125
100 0.616 1.125 72.583 139.848 44.094 129.709 10.456   125
105 0.667 1.755 64.121 145.972 40.972 122.161 10.586   129
110 0.568 1.570 61.228 145.972 50.256 121.810 20.683   132
115 0.321 1.191 37.083 118.424 27.284 60.161 12.465   137
120 0.280 0.910 120.529 186.047 53.170 143.607 24.087   143
125 0.450 1.002 86.352 186.047 61.059 147.893 23.074   151
130 0.562 1.740 109.240 186.047 54.902 175.329 17.777   162
135 0.537 1.432 112.444 202.594 60.380 182.566 19.711   175
140 0.580 1.796 98.604 277.661 73.107 193.230 28.763   162
145 0.596 1.771 130.965 277.661 89.986 244.253 31.849   151
150 0.566 2.322 140.154 277.661 96.907 255.113 41.871   143
155 0.533 2.890 153.666 277.661 103.430 267.637 50.885   137
160 0.432 1.965 135.761 277.661 98.961 229.967 51.071   132
165 0.442 2.175 154.801 261.224 90.771 238.588 43.580   129
170 0.488 2.255 129.458 261.224 81.475 217.071 38.227   125
175 0.512 1.850 126.889 261.224 78.723 215.879 32.666   125
180 0.488 1.468 129.663 209.215 62.915 194.483 22.645   125
185 0.480 1.538 122.397 209.215 56.547 181.638 20.920   125
190 0.544 1.222 111.897 161.745 52.763 115.937 14.830   125
195 0.411 1.891 116.735 161.745 52.276 109.325 24.052   129
200 0.409 1.045 124.221 192.118 46.235 162.655 17.386   132
205 0.474 1.044 107.715 192.118 48.147 158.731 15.078   137
210 0.524 1.846 93.980 161.062 39.505 140.383 13.807   143
215 0.450 1.252 105.996 168.137 38.648 143.447 14.087   151
220 0.488 0.879 103.776 168.137 47.152 152.968 13.034   162
225 0.583 0.995 72.429 130.826 38.580 120.768 8.909   175
230 0.599 1.418 89.260 178.421 45.628 150.265 11.944   162
235 0.530 1.447 102.941 178.421 53.854 164.148 17.808   151
240 0.476 1.024 80.738 178.421 51.524 136.376 17.872   143
245 0.628 1.169 78.933 178.421 48.111 144.813 11.170   137
250 0.553 1.355 78.536 164.589 40.913 130.067 12.261   132
255 0.465 1.611 92.421 164.589 44.522 138.018 17.491   129
260 0.504 1.221 68.806 130.360 39.737 112.500 13.489   125
265 0.552 1.317 71.662 174.751 44.570 127.681 14.482   125
270 0.528 0.910 60.619 174.751 48.423 118.742 16.153   125
275 0.480 1.123 68.434 174.751 42.878 117.120 15.289   125
280 0.616 1.057 72.583 139.848 44.094 129.709 10.056   125
285 0.667 1.719 64.121 145.972 40.972 122.161 10.467   129
290 0.530 1.322 65.841 145.972 49.806 122.813 19.406   132
295 0.431 0.824 46.076 118.424 37.039 83.382 14.015   137
300 0.308 1.089 119.280 186.047 51.211 146.308 23.764   143
305 0.457 1.640 95.142 186.047 61.021 156.221 26.935   151
310 0.556 1.787 111.081 186.047 54.893 176.318 18.179   162
315 0.537 1.487 112.444 202.594 60.380 182.566 20.056   175
320 0.543 1.960 91.453 277.661 64.683 173.306 27.914   162
325 0.550 1.685 140.601 277.661 88.671 245.231 32.867   151
330 0.580 1.959 145.985 277.661 98.755 264.496 37.833   143
335 0.599 1.880 151.076 277.661 105.686 278.628 38.670   137
340 0.432 1.650 144.820 277.661 102.339 240.269 48.874   132
345 0.442 2.558 154.801 261.224 90.771 238.588 45.846   129
350 0.488 2.610 129.458 261.224 81.475 217.071 40.140   125
355 0.512 1.830 126.889 261.224 78.723 215.879 32.527   125
