 Wd pai   fai   zH  zHmax   zHstd zd z0  noOfPixels
  0 0.432 1.083 53.615 123.883 22.568 77.635 7.994   125
  5 0.392 1.274 82.414 133.573 40.054 114.501 16.528   125
 10 0.376 1.090 89.593 133.573 35.684 114.962 14.620   125
 15 0.349 0.906 89.197 130.802 36.663 111.936 14.672   129
 20 0.227 0.729 72.938 123.883 34.057 83.447 15.229   132
 25 0.277 0.940 67.328 123.883 30.892 83.312 13.999   137
 30 0.427 0.584 63.092 123.883 23.008 86.196 6.076   143
 35 0.305 0.878 95.998 196.105 64.330 139.794 25.827   151
 40 0.364 0.908 88.640 196.105 64.571 143.088 25.916   162
 45 0.337 0.896 97.208 196.105 48.622 133.545 19.046   175
 50 0.340 0.735 70.909 120.317 36.106 95.582 12.854   162
 55 0.384 0.877 81.438 120.317 32.997 105.556 11.998   151
 60 0.392 1.464 77.741 168.847 40.767 115.091 17.828   143
 65 0.467 1.392 70.792 233.370 47.611 126.049 19.837   137
 70 0.470 1.581 85.490 233.370 64.561 156.570 30.168   132
 75 0.465 1.679 90.769 233.370 70.598 166.490 34.594   129
 80 0.344 1.805 86.253 233.370 65.565 142.394 34.725   125
 85 0.448 2.048 83.208 229.642 65.688 152.758 35.501   125
 90 0.624 2.157 84.982 229.642 64.310 171.395 24.603   125
 95 0.616 1.704 89.534 229.642 61.450 172.386 20.012   125
100 0.512 0.542 58.413 84.981 20.321 80.800 3.712   125
105 0.473 0.966 60.240 104.199 23.400 85.202 7.021   129
110 0.545 1.012 95.443 310.453 94.328 209.353 37.910   132
115 0.664 2.512 114.401 310.453 93.046 242.658 35.210   137
120 0.643 2.564 96.525 310.453 79.832 207.049 33.281   143
125 0.576 1.623 66.678 310.453 69.384 156.913 34.626   151
130 0.531 0.878 60.771 116.485 31.084 97.639 7.801   162
135 0.600 1.115 74.488 134.530 36.311 122.244 8.065   175
140 0.599 0.886 74.373 135.447 41.897 127.499 8.707   162
145 0.603 0.945 78.871 135.447 45.790 135.700 9.951   151
150 0.559 1.214 84.152 136.218 43.904 135.328 12.196   143
155 0.482 0.925 72.587 136.218 44.808 119.185 14.329   137
160 0.424 1.154 65.643 136.218 42.242 106.024 16.918   132
165 0.403 0.923 56.146 135.447 34.978 89.825 12.883   129
170 0.424 0.918 44.687 135.447 22.981 69.851 7.775   125
175 0.448 0.763 46.202 62.810 16.408 60.525 4.738   125
180 0.432 1.082 53.615 123.883 22.568 77.635 7.990   125
185 0.392 1.012 82.414 133.573 40.054 114.501 15.019   125
190 0.376 0.828 89.593 133.573 35.684 114.962 12.942   125
195 0.349 0.652 89.197 130.802 36.663 111.936 12.559   129
200 0.242 1.107 80.350 123.883 37.488 92.246 19.035   132
205 0.365 1.107 64.856 123.883 25.038 84.866 10.692   137
210 0.427 0.584 63.092 123.883 23.008 86.196 6.076   143
215 0.391 1.245 92.500 196.105 58.556 144.831 25.031   151
220 0.358 1.060 85.562 196.105 60.813 136.767 25.956   162
225 0.337 0.684 97.208 196.105 48.622 133.545 16.811   175
230 0.377 0.703 66.797 120.317 39.213 98.355 12.940   162
235 0.391 1.017 78.875 120.317 30.897 102.597 11.904   151
240 0.392 1.169 75.234 168.847 39.381 111.759 15.780   143
245 0.460 1.482 76.754 233.370 53.617 136.930 23.639   137
250 0.447 1.585 92.839 233.370 70.292 165.827 33.807   132
255 0.465 1.592 90.769 233.370 70.598 166.490 33.883   129
260 0.344 1.338 86.253 233.370 65.565 142.394 31.454   125
265 0.448 2.048 83.208 229.642 65.688 152.758 35.501   125
270 0.624 2.046 84.982 229.642 64.310 171.395 24.007   125
275 0.616 1.763 89.534 229.642 61.450 172.386 20.360   125
280 0.512 0.601 58.413 84.981 20.321 80.800 4.001   125
285 0.473 1.131 60.240 104.199 23.400 85.202 7.590   129
290 0.545 1.379 105.423 310.453 98.144 223.035 44.223   132
295 0.650 2.406 112.622 310.453 84.265 229.698 30.801   137
300 0.636 2.411 98.415 310.453 79.091 207.519 32.073   143
305 0.616 1.610 65.996 310.453 67.551 157.629 29.622   151
310 0.494 1.120 60.467 116.485 28.657 92.740 8.922   162
315 0.600 1.021 74.488 134.530 36.311 122.244 7.639   175
320 0.611 1.119 73.179 135.447 39.194 124.664 8.753   162
325 0.576 1.133 77.258 135.447 44.354 130.747 11.798   151
330 0.552 1.250 85.036 136.218 43.508 135.158 12.437   143
335 0.474 1.306 71.642 136.218 39.982 113.523 14.715   137
340 0.462 1.055 58.199 136.218 36.900 97.793 13.280   132
345 0.403 0.986 56.146 135.447 34.978 89.825 13.278   129
350 0.424 0.950 44.687 135.447 22.981 69.851 7.906   125
355 0.448 0.762 46.202 62.810 16.408 60.525 4.737   125
