 Wd pai   fai   zH  zHmax   zHstd zd z0  noOfPixels
  0 0.448 0.396 33.421 65.227 21.889 54.868 4.505   125
  5 0.408 1.004 47.898 128.851 34.691 82.193 14.010   125
 10 0.464 0.737 50.954 117.866 39.632 92.197 13.140   125
 15 0.543 0.861 36.181 117.866 25.838 69.195 7.417   129
 20 0.583 0.603 30.474 65.227 16.044 51.693 2.585   132
 25 0.518 0.743 22.667 43.047 9.831 34.442 2.211   137
 30 0.497 0.622 23.018 45.629 11.633 36.158 2.605   143
 35 0.411 0.711 21.504 68.434 13.714 35.881 4.413   151
 40 0.525 0.736 32.406 117.540 22.931 61.573 6.231   162
 45 0.423 0.701 42.105 120.878 41.559 83.549 16.649   175
 50 0.444 1.199 45.533 120.878 35.407 82.523 15.460   162
 55 0.417 0.882 45.907 96.902 35.732 79.067 13.946   151
 60 0.462 0.664 41.738 96.902 33.521 76.354 10.718   143
 65 0.482 0.708 43.075 96.902 32.184 77.497 9.819   137
 70 0.409 1.197 58.091 163.842 45.435 103.284 20.571   132
 75 0.411 0.901 51.894 163.842 51.122 102.978 23.508   129
 80 0.480 0.818 62.432 163.842 57.678 124.414 22.252   125
 85 0.416 1.240 55.034 163.842 57.257 111.641 31.502   125
 90 0.448 1.333 56.970 163.842 57.125 116.123 30.957   125
 95 0.432 1.182 65.385 163.842 54.075 119.418 24.683   125
100 0.472 1.046 58.835 163.842 37.851 101.923 13.414   125
105 0.271 1.291 64.407 133.914 42.810 90.112 20.067   129
110 0.515 0.785 52.436 133.914 36.877 95.797 10.665   132
115 0.613 1.282 52.889 133.914 35.476 100.694 9.841   137
120 0.427 1.267 59.304 133.914 35.487 94.689 14.352   143
125 0.536 0.769 45.692 133.914 34.452 88.090 9.732   151
130 0.407 0.741 45.256 133.914 35.009 80.409 12.596   162
135 0.486 0.706 39.926 133.914 31.496 76.709 9.853   175
140 0.420 0.759 29.575 133.914 26.420 58.385 10.354   162
145 0.384 0.503 27.973 69.814 18.739 45.327 5.235   151
150 0.392 0.665 22.507 69.814 12.815 35.480 3.981   143
155 0.438 0.543 28.039 57.677 17.700 45.441 4.593   137
160 0.439 0.808 26.823 65.227 16.991 44.482 5.563   132
165 0.442 0.690 27.867 96.997 22.219 52.269 7.472   129
170 0.464 0.551 35.913 96.997 28.797 66.977 8.122   125
175 0.528 0.623 38.423 96.997 30.171 73.726 7.797   125
180 0.448 0.472 33.421 65.227 21.889 54.868 5.132   125
185 0.408 0.820 47.898 128.851 34.691 82.193 12.723   125
190 0.464 0.736 50.954 117.866 39.632 92.197 13.132   125
195 0.543 0.838 36.181 117.866 25.838 69.195 7.293   129
200 0.561 0.814 26.864 65.227 13.976 45.372 3.046   132
205 0.511 0.711 22.337 43.047 9.086 33.273 2.018   137
210 0.510 0.561 23.295 45.629 11.523 36.662 2.277   143
215 0.510 0.765 24.494 68.434 15.262 43.076 4.106   151
220 0.525 0.752 32.193 68.434 21.317 56.709 5.635   162
225 0.423 0.616 42.105 120.878 41.559 83.549 15.451   175
230 0.457 0.855 49.591 120.878 39.415 90.587 14.568   162
235 0.437 0.966 39.735 96.902 33.229 72.936 13.847   151
240 0.462 0.658 41.802 96.902 33.473 76.368 10.615   143
245 0.438 0.702 47.045 96.902 33.405 79.418 10.699   137
250 0.439 1.151 47.523 163.842 35.173 86.305 14.750   132
255 0.411 0.866 51.894 163.842 51.122 102.978 23.059   129
260 0.480 0.949 62.432 163.842 57.678 124.414 24.130   125
265 0.416 1.147 55.034 163.842 57.257 111.641 30.479   125
270 0.448 1.332 56.970 163.842 57.125 116.123 30.941   125
275 0.432 1.339 65.385 163.842 54.075 119.418 26.013   125
280 0.472 1.202 58.835 163.842 37.851 101.923 14.335   125
285 0.271 1.381 64.407 133.914 42.810 90.112 20.505   129
290 0.485 0.818 51.740 133.914 36.585 92.911 11.673   132
295 0.577 1.096 54.738 133.914 36.091 101.072 10.234   137
300 0.406 1.400 57.081 133.914 36.094 91.675 15.890   143
305 0.530 1.268 49.604 133.914 35.011 92.135 12.766   151
310 0.407 0.779 46.893 133.914 34.031 81.001 12.177   162
315 0.486 0.734 39.926 133.914 31.496 76.709 10.087   175
320 0.438 0.796 34.352 133.914 31.221 68.544 12.443   162
325 0.404 0.677 36.995 133.914 30.078 68.126 10.627   151
330 0.399 0.667 22.261 69.814 12.812 35.458 3.944   143
335 0.453 0.552 23.567 57.677 15.257 39.804 3.915   137
340 0.439 0.634 24.998 65.227 16.266 42.168 4.694   132
345 0.442 0.704 27.867 96.997 22.219 52.269 7.557   129
350 0.464 0.551 35.913 96.997 28.797 66.977 8.118   125
355 0.528 0.652 38.423 96.997 30.171 73.726 8.048   125
