 Wd pai   fai   zH  zHmax   zHstd zd z0  noOfPixels
  0 0.448 0.584 36.352 108.689 31.719 70.093 10.126   125
  5 0.520 0.757 37.390 104.321 32.723 75.383 10.655   125
 10 0.424 0.712 38.374 91.507 27.467 65.504 9.100   125
 15 0.434 0.512 36.546 71.668 17.845 54.187 4.191   129
 20 0.515 0.767 30.547 71.668 17.441 51.450 4.434   132
 25 0.504 0.687 26.720 71.668 18.515 48.422 5.023   137
 30 0.510 0.774 35.975 80.924 26.307 65.509 7.826   143
 35 0.411 0.760 28.046 80.924 16.224 44.859 5.248   151
 40 0.395 0.458 29.342 69.171 17.882 46.154 4.486   162
 45 0.440 0.764 36.517 117.528 28.110 66.982 9.835   175
 50 0.481 0.838 44.502 117.528 32.481 80.848 10.784   162
 55 0.411 1.216 47.812 117.528 31.164 78.349 13.041   151
 60 0.392 0.729 30.860 64.585 19.366 48.131 6.465   143
 65 0.387 0.830 32.370 85.695 21.842 53.069 8.014   137
 70 0.394 0.694 40.918 85.695 24.912 63.319 8.011   132
 75 0.450 0.909 49.135 102.239 27.808 77.673 9.100   129
 80 0.344 0.727 49.212 102.239 26.501 69.855 9.284   125
 85 0.416 0.947 56.324 110.783 28.955 83.562 10.100   125
 90 0.480 0.918 56.088 110.783 33.969 92.062 10.761   125
 95 0.456 0.631 43.030 110.783 32.276 77.323 9.683   125
100 0.360 0.413 23.083 54.065 14.850 35.799 3.755   125
105 0.357 0.601 31.159 56.184 18.866 45.452 5.932   129
110 0.333 0.354 32.143 56.184 19.221 45.364 4.546   132
115 0.489 1.121 55.116 108.253 39.032 95.964 14.609   137
120 0.399 0.790 59.879 108.253 42.377 95.690 15.254   143
125 0.344 1.066 68.614 108.253 39.007 94.690 16.181   151
130 0.395 0.640 25.391 99.310 13.823 40.244 4.143   162
135 0.463 0.366 26.894 54.974 12.115 40.060 2.004   175
140 0.475 0.800 36.384 128.980 35.081 75.951 13.917   162
145 0.470 1.144 44.650 130.570 38.977 87.327 17.415   151
150 0.406 0.879 45.607 101.413 31.053 74.643 11.500   143
155 0.431 0.885 34.244 81.199 22.952 57.355 8.185   137
160 0.447 0.671 23.437 63.092 10.983 35.887 2.932   132
165 0.512 0.827 36.248 109.404 27.828 69.453 8.874   129
170 0.488 1.014 31.509 109.404 23.595 59.553 8.709   125
175 0.464 0.768 28.117 91.507 15.107 46.170 4.300   125
180 0.448 0.736 36.352 108.689 31.719 70.093 11.628   125
185 0.520 0.909 37.390 104.321 32.723 75.383 11.895   125
190 0.424 0.856 38.374 91.507 27.467 65.504 10.031   125
195 0.434 0.600 36.546 71.668 17.845 54.187 4.637   129
200 0.538 0.748 29.677 71.668 17.704 51.622 4.225   132
205 0.555 0.617 25.303 71.668 17.113 47.201 3.634   137
210 0.517 0.747 35.603 80.924 26.660 65.802 7.739   143
215 0.497 0.677 33.105 80.924 23.331 59.493 6.449   151
220 0.383 0.781 27.132 69.171 15.555 41.747 5.337   162
225 0.440 0.708 36.517 117.528 28.110 66.982 9.425   175
230 0.451 0.799 42.855 117.528 30.526 75.733 10.305   162
235 0.477 1.173 47.013 117.528 30.907 81.457 11.597   151
240 0.392 0.705 30.464 64.585 19.484 47.900 6.430   143
245 0.350 0.647 31.911 85.695 22.163 51.211 7.522   137
250 0.417 0.806 39.488 85.695 24.525 63.007 8.272   132
255 0.450 0.971 49.135 102.239 27.808 77.673 9.409   129
260 0.344 0.727 49.212 102.239 26.501 69.855 9.285   125
265 0.416 0.990 56.324 110.783 28.955 83.562 10.313   125
270 0.480 0.920 56.088 110.783 33.969 92.062 10.772   125
275 0.456 0.600 43.030 110.783 32.276 77.323 9.387   125
280 0.360 0.380 23.083 54.065 14.850 35.799 3.554   125
285 0.357 0.584 31.159 56.184 18.866 45.452 5.840   129
290 0.333 0.391 28.554 56.184 18.105 41.873 4.601   132
295 0.504 0.776 60.474 108.253 38.544 101.221 10.758   137
300 0.427 0.797 57.143 108.253 42.252 95.735 15.072   143
305 0.384 0.975 54.088 108.253 40.080 88.161 16.483   151
310 0.494 0.392 24.067 56.184 11.802 38.097 1.871   162
315 0.463 0.315 26.894 54.974 12.115 40.060 1.762   175
320 0.451 0.732 41.936 128.980 37.022 81.652 13.584   162
325 0.444 0.974 39.950 130.570 33.841 76.503 14.172   151
330 0.413 0.908 45.119 101.413 31.260 74.844 11.746   143
335 0.416 0.725 33.570 81.199 22.756 55.923 7.516   137
340 0.432 0.707 26.842 63.092 14.023 41.410 4.081   132
345 0.512 0.829 36.248 109.404 27.828 69.453 8.886   129
350 0.488 1.016 31.509 109.404 23.595 59.553 8.716   125
355 0.464 0.586 28.117 91.507 15.107 46.170 3.649   125
