 Wd pai   fai   zH  zHmax   zHstd zd z0  noOfPixels
  0 0.048 0.013 6.376 6.376 0.000 2.757 0.031   125
  5 0.016 0.013 6.376 6.376 0.000 1.856 0.041   125
 10 0.000 0.000 0.000 0.000 0.000 0.000 0.000   125
 15 0.000 0.000 0.000 0.000 0.000 0.000 0.000   129
 20 0.000 0.000 0.000 0.000 0.000 0.000 0.000   132
 25 0.000 0.000 0.000 0.000 0.000 0.000 0.000   137
 30 0.000 0.000 0.000 0.000 0.000 0.000 0.000   143
 35 0.000 0.000 0.000 0.000 0.000 0.000 0.000   151
 40 0.006 0.009 6.084 6.084 0.000 1.257 0.020   162
 45 0.006 0.091 63.999 63.999 0.000 12.861 8.021   175
 50 0.000 0.000 0.000 0.000 0.000 0.000 0.000   162
 55 0.000 0.000 0.000 0.000 0.000 0.000 0.000   151
 60 0.000 0.000 0.000 0.000 0.000 0.000 0.000   143
 65 0.044 0.015 8.208 8.208 0.000 3.434 0.060   137
 70 0.000 0.000 0.000 0.000 0.000 0.000 0.000   132
 75 0.000 0.000 0.000 0.000 0.000 0.000 0.000   129
 80 0.000 0.000 0.000 0.000 0.000 0.000 0.000   125
 85 0.000 0.000 0.000 0.000 0.000 0.000 0.000   125
 90 0.000 0.000 0.000 0.000 0.000 0.000 0.000   125
 95 0.024 0.012 6.123 6.123 0.000 2.063 0.033   125
100 0.000 0.000 0.000 0.000 0.000 0.000 0.000   125
105 0.000 0.000 0.000 0.000 0.000 0.000 0.000   129
110 0.000 0.000 0.000 0.000 0.000 0.000 0.000   132
115 0.036 0.000 4.333 4.333 0.000 1.697 0.000   137
120 0.028 0.008 4.333 4.333 0.000 1.542 0.006   143
125 0.000 0.000 0.000 0.000 0.000 0.000 0.000   151
130 0.025 0.055 35.351 35.351 0.000 12.031 2.413   162
135 0.029 0.134 46.912 46.912 0.000 16.827 7.188   175
140 0.000 0.000 0.000 0.000 0.000 0.000 0.000   162
145 0.000 0.000 0.000 0.000 0.000 0.000 0.000   151
150 0.000 0.000 0.000 0.000 0.000 0.000 0.000   143
155 0.000 0.000 0.000 0.000 0.000 0.000 0.000   137
160 0.000 0.000 0.000 0.000 0.000 0.000 0.000   132
165 0.000 0.000 0.000 0.000 0.000 0.000 0.000   129
170 0.000 0.000 0.000 0.000 0.000 0.000 0.000   125
175 0.024 0.013 6.376 6.376 0.000 2.148 0.038   125
180 0.048 0.013 6.376 6.376 0.000 2.757 0.031   125
185 0.016 0.013 6.376 6.376 0.000 1.856 0.041   125
190 0.000 0.000 0.000 0.000 0.000 0.000 0.000   125
195 0.000 0.000 0.000 0.000 0.000 0.000 0.000   129
200 0.000 0.000 0.000 0.000 0.000 0.000 0.000   132
205 0.000 0.000 0.000 0.000 0.000 0.000 0.000   137
210 0.000 0.000 0.000 0.000 0.000 0.000 0.000   143
215 0.000 0.000 0.000 0.000 0.000 0.000 0.000   151
220 0.006 0.009 6.084 6.084 0.000 1.257 0.020   162
225 0.006 0.000 63.999 63.999 0.000 12.861 0.000   175
230 0.000 0.000 0.000 0.000 0.000 0.000 0.000   162
235 0.000 0.000 0.000 0.000 0.000 0.000 0.000   151
240 0.000 0.000 0.000 0.000 0.000 0.000 0.000   143
245 0.044 0.015 8.208 8.208 0.000 3.434 0.060   137
250 0.000 0.000 0.000 0.000 0.000 0.000 0.000   132
255 0.000 0.000 0.000 0.000 0.000 0.000 0.000   129
260 0.000 0.000 0.000 0.000 0.000 0.000 0.000   125
265 0.000 0.000 0.000 0.000 0.000 0.000 0.000   125
270 0.000 0.000 0.000 0.000 0.000 0.000 0.000   125
275 0.024 0.012 6.123 6.123 0.000 2.063 0.033   125
280 0.000 0.000 0.000 0.000 0.000 0.000 0.000   125
285 0.000 0.000 0.000 0.000 0.000 0.000 0.000   129
290 0.000 0.000 0.000 0.000 0.000 0.000 0.000   132
295 0.000 0.000 0.000 0.000 0.000 0.000 0.000   137
300 0.035 0.008 4.333 4.333 0.000 1.671 0.006   143
305 0.000 0.000 0.000 0.000 0.000 0.000 0.000   151
310 0.012 0.055 35.351 35.351 0.000 9.374 2.577   162
315 0.029 0.067 46.912 46.912 0.000 16.827 3.923   175
320 0.000 0.000 0.000 0.000 0.000 0.000 0.000   162
325 0.000 0.000 0.000 0.000 0.000 0.000 0.000   151
330 0.000 0.000 0.000 0.000 0.000 0.000 0.000   143
335 0.000 0.000 0.000 0.000 0.000 0.000 0.000   137
340 0.000 0.000 0.000 0.000 0.000 0.000 0.000   132
345 0.000 0.000 0.000 0.000 0.000 0.000 0.000   129
350 0.000 0.000 0.000 0.000 0.000 0.000 0.000   125
355 0.024 0.013 6.376 6.376 0.000 2.148 0.038   125
