 Wd pai   fai   zH  zHmax   zHstd zd z0  noOfPixels
  0 0.504 0.475 26.193 128.851 28.166 60.137 8.131   125
  5 0.472 0.540 30.703 91.507 26.446 59.910 7.596   125
 10 0.464 0.469 25.164 91.507 22.889 50.896 6.289   125
 15 0.357 0.365 18.209 25.954 4.191 20.457 1.344   129
 20 0.530 0.585 23.768 93.126 23.252 52.230 6.760   132
 25 0.482 0.877 28.639 93.126 26.283 58.299 10.461   137
 30 0.643 0.707 37.474 93.126 27.248 74.589 4.654   143
 35 0.662 1.105 49.212 131.875 43.486 107.775 11.162   151
 40 0.463 1.069 66.871 177.979 56.238 126.810 23.936   162
 45 0.480 0.945 67.803 177.979 55.214 128.301 21.052   175
 50 0.562 1.361 68.193 177.979 57.680 138.198 23.016   162
 55 0.517 1.367 68.100 177.979 56.858 133.408 24.836   151
 60 0.427 0.883 67.437 177.979 55.419 123.091 22.109   143
 65 0.307 0.646 52.887 93.126 26.612 68.982 9.448   137
 70 0.280 0.773 55.994 93.126 24.725 67.702 10.460   132
 75 0.279 0.527 48.909 93.126 23.245 61.553 7.994   129
 80 0.328 0.775 51.507 107.274 27.089 71.446 10.043   125
 85 0.344 0.692 51.813 107.274 33.562 77.966 11.668   125
 90 0.408 1.053 71.383 125.416 43.472 108.939 16.770   125
 95 0.464 0.745 47.678 114.136 37.675 87.172 12.704   125
100 0.520 0.900 42.207 114.136 32.408 80.456 10.650   125
105 0.558 0.804 41.802 107.274 26.948 76.091 6.608   129
110 0.598 1.077 51.041 153.217 48.643 112.815 16.899   132
115 0.285 0.630 81.485 153.217 62.410 119.575 22.164   137
120 0.140 0.640 31.187 144.786 37.885 50.028 11.698   143
125 0.477 1.832 133.655 245.626 98.441 231.506 47.525   151
130 0.543 1.434 125.383 245.626 90.082 227.627 34.213   162
135 0.480 1.364 98.660 245.626 79.678 184.942 36.050   175
140 0.481 1.071 62.099 245.626 54.575 126.102 23.352   162
145 0.589 0.716 52.335 144.786 36.858 100.942 7.903   151
150 0.531 0.929 54.376 144.786 36.852 99.470 11.036   143
155 0.511 0.866 44.369 93.488 24.038 72.415 6.501   137
160 0.477 0.757 37.644 93.488 27.780 68.006 8.834   132
165 0.512 0.663 20.378 58.339 12.982 36.237 3.211   129
170 0.536 0.703 28.332 128.851 29.343 64.856 10.019   125
175 0.584 0.827 33.532 128.851 34.740 78.024 11.474   125
180 0.504 0.550 26.193 128.851 28.166 60.137 9.071   125
185 0.472 0.391 30.703 91.507 26.446 59.910 5.964   125
190 0.464 0.286 25.164 91.507 22.889 50.896 4.180   125
195 0.357 0.366 18.209 25.954 4.191 20.457 1.348   129
200 0.500 0.505 17.836 49.629 6.701 26.771 1.220   132
205 0.540 0.865 28.956 93.126 24.865 59.483 8.239   137
210 0.636 0.721 37.990 93.126 27.032 74.618 4.777   143
215 0.702 0.875 50.016 131.875 44.138 111.510 7.614   151
220 0.537 0.689 61.531 177.979 56.342 128.332 17.098   162
225 0.480 0.947 67.803 177.979 55.214 128.301 21.081   175
230 0.543 0.949 61.054 177.979 56.040 128.069 20.529   162
235 0.510 1.185 65.628 177.979 55.018 128.733 22.790   151
240 0.434 0.883 68.769 177.979 57.083 126.434 22.736   143
245 0.343 0.807 52.961 93.126 29.136 73.706 10.738   137
250 0.311 0.679 60.656 93.126 27.589 75.513 10.224   132
255 0.279 0.598 48.909 93.126 23.245 61.553 8.515   129
260 0.328 0.698 51.507 107.274 27.089 71.446 9.565   125
265 0.344 0.637 51.813 107.274 33.562 77.966 11.190   125
270 0.408 0.803 71.383 125.416 43.472 108.939 14.743   125
275 0.464 0.710 47.678 114.136 37.675 87.172 12.352   125
280 0.520 0.902 42.207 114.136 32.408 80.456 10.663   125
285 0.558 0.822 41.802 107.274 26.948 76.091 6.699   129
290 0.523 0.579 69.559 153.217 59.936 135.666 15.981   132
295 0.358 0.470 67.101 153.217 62.055 118.517 19.801   137
300 0.091 0.735 37.946 144.786 45.571 51.451 13.288   143
305 0.536 1.186 125.990 245.626 94.086 230.766 33.930   151
310 0.568 1.867 128.490 245.626 89.016 233.109 35.055   162
315 0.480 1.268 98.660 245.626 79.678 184.942 34.897   175
320 0.506 1.172 61.029 245.626 47.277 119.636 18.543   162
325 0.609 0.725 51.249 144.786 38.518 102.679 8.073   151
330 0.538 0.932 54.386 144.786 36.612 99.684 10.730   143
335 0.474 0.810 44.498 93.488 25.555 72.080 7.486   137
340 0.455 0.758 37.184 93.488 27.005 65.762 8.889   132
345 0.512 0.647 20.378 58.339 12.982 36.237 3.159   129
350 0.536 0.701 28.332 128.851 29.343 64.856 9.999   125
355 0.584 0.752 33.532 128.851 34.740 78.024 10.743   125
