 Wd pai   fai   zH  zHmax   zHstd zd z0  noOfPixels
  0 0.064 0.065 21.674 23.454 4.710 10.393 1.451   125
  5 0.144 0.084 14.735 23.454 6.956 14.205 0.891   125
 10 0.072 0.032 8.620 9.214 1.111 4.313 0.209   125
 15 0.085 0.036 9.214 9.214 0.000 4.899 0.251   129
 20 0.053 0.052 9.214 9.214 0.000 4.129 0.513   132
 25 0.073 0.074 8.662 9.214 1.657 4.355 0.632   137
 30 0.168 0.097 9.214 9.214 0.000 6.252 0.539   143
 35 0.079 0.031 9.214 9.214 0.000 4.777 0.204   151
 40 0.025 0.019 6.266 9.214 2.948 3.136 0.090   162
 45 0.000 0.000 0.000 0.000 0.000 0.000 0.000   175
 50 0.000 0.000 0.000 0.000 0.000 0.000 0.000   162
 55 0.040 0.026 5.315 5.485 0.362 2.147 0.114   151
 60 0.007 0.006 3.220 3.220 0.000 0.696 0.002   143
 65 0.080 0.006 45.541 69.724 31.992 23.696 0.016   137
 70 0.045 0.109 57.689 57.689 0.000 24.458 6.989   132
 75 0.062 0.135 62.213 69.753 5.840 32.548 8.229   129
 80 0.080 0.140 69.753 69.753 0.000 36.247 8.760   125
 85 0.200 0.111 46.332 69.753 26.540 33.484 3.277   125
 90 0.096 0.353 43.312 69.753 21.741 36.842 9.149   125
 95 0.080 0.123 29.175 61.524 16.285 25.641 3.346   125
100 0.112 0.178 47.934 61.524 18.348 28.116 6.281   125
105 0.202 0.167 25.641 65.599 9.385 28.158 2.235   129
110 0.136 0.270 38.102 65.599 19.955 37.689 6.241   132
115 0.219 0.285 37.390 65.599 17.360 42.420 4.883   137
120 0.000 0.000 0.000 0.000 0.000 0.000 0.000   143
125 0.205 0.218 35.057 48.780 12.300 34.784 3.667   151
130 0.198 0.356 39.790 59.484 17.662 41.669 6.200   162
135 0.194 0.082 50.795 59.484 14.974 36.329 2.213   175
140 0.130 0.219 38.483 59.484 18.230 35.512 5.549   162
145 0.146 0.123 25.859 40.511 6.574 22.013 2.129   151
150 0.133 0.237 31.455 40.511 8.780 25.144 4.517   143
155 0.088 0.177 48.453 70.040 21.587 37.603 6.993   137
160 0.091 0.141 45.108 70.040 29.833 24.544 5.649   132
165 0.047 0.069 44.459 88.907 32.023 34.511 3.498   129
170 0.056 0.018 43.368 88.907 39.438 38.810 0.460   125
175 0.016 0.018 9.214 9.214 0.000 2.682 0.130   125
180 0.064 0.065 21.674 23.454 4.710 10.393 1.451   125
185 0.144 0.084 14.735 23.454 6.956 14.205 0.891   125
190 0.072 0.018 8.620 9.214 1.111 4.313 0.079   125
195 0.085 0.036 9.214 9.214 0.000 4.899 0.251   129
200 0.083 0.052 9.214 9.214 0.000 4.859 0.431   132
205 0.102 0.067 8.425 9.214 1.933 4.781 0.473   137
210 0.168 0.097 9.214 9.214 0.000 6.252 0.539   143
215 0.073 0.031 9.214 9.214 0.000 4.629 0.213   151
220 0.012 0.014 9.214 9.214 0.000 2.443 0.078   162
225 0.000 0.000 0.000 0.000 0.000 0.000 0.000   175
230 0.000 0.000 0.000 0.000 0.000 0.000 0.000   162
235 0.046 0.026 5.057 5.485 0.476 2.159 0.104   151
240 0.014 0.006 3.268 3.316 0.048 0.920 0.002   143
245 0.080 0.260 45.541 69.724 31.992 23.696 8.860   137
250 0.045 0.109 57.689 57.689 0.000 24.458 6.989   132
255 0.062 0.247 62.213 69.753 5.840 32.548 12.217   129
260 0.080 0.140 69.753 69.753 0.000 36.247 8.760   125
265 0.200 0.159 46.332 69.753 26.540 33.484 4.542   125
270 0.096 0.405 43.312 69.753 21.741 36.842 9.771   125
275 0.080 0.173 29.175 61.524 16.285 25.641 4.316   125
280 0.112 0.178 47.934 61.524 18.348 28.116 6.281   125
285 0.202 0.210 25.641 65.599 9.385 28.158 2.670   129
290 0.114 0.290 38.784 65.599 19.288 35.374 7.009   132
295 0.219 0.242 40.159 65.599 18.199 44.670 4.655   137
300 0.000 0.000 0.000 0.000 0.000 0.000 0.000   143
305 0.199 0.168 35.394 48.780 12.033 34.418 3.097   151
310 0.173 0.403 39.012 59.484 14.931 37.843 6.746   162
315 0.194 0.161 50.795 59.484 14.974 36.329 4.270   175
320 0.130 0.134 43.708 59.484 18.241 27.023 4.313   162
325 0.126 0.190 25.018 30.925 3.923 18.017 3.167   151
330 0.126 0.229 30.899 40.511 8.688 24.370 4.470   143
335 0.124 0.177 47.474 70.040 21.579 42.191 5.992   137
340 0.091 0.141 53.675 70.040 28.346 29.205 6.565   132
345 0.047 0.242 44.459 88.907 32.023 34.511 9.181   129
350 0.056 0.196 43.368 88.907 39.438 38.810 7.798   125
355 0.016 0.018 9.214 9.214 0.000 2.682 0.130   125
