 Wd pai   fai   zH  zHmax   zHstd zd z0  noOfPixels
  0 0.056 0.017 11.786 19.600 3.965 7.745 0.104   124
  5 0.016 0.017 7.800 8.600 0.800 2.511 0.097   124
 10 0.000 0.000 0.000 0.000 0.000 0.000 0.000   125
 15 0.055 0.090 9.386 22.200 5.816 7.703 0.915   128
 20 0.031 0.059 11.500 19.300 4.781 6.414 0.820   131
 25 0.022 0.029 8.800 10.600 2.546 2.883 0.264   135
 30 0.035 0.067 10.740 19.700 5.681 6.799 0.855   143
 35 0.026 0.041 8.725 10.000 1.475 3.046 0.416   151
 40 0.019 0.022 7.167 7.600 0.368 2.328 0.133   161
 45 0.017 0.031 9.733 13.400 2.593 3.862 0.325   173
 50 0.043 0.047 8.543 11.600 1.986 4.558 0.438   161
 55 0.033 0.097 14.300 16.800 2.340 6.321 1.649   151
 60 0.021 0.028 10.067 17.600 5.357 5.274 0.288   143
 65 0.089 0.066 9.400 13.400 2.198 6.525 0.560   135
 70 0.053 0.059 10.171 13.400 1.858 5.615 0.649   131
 75 0.008 0.009 4.400 4.400 0.000 0.990 0.011   128
 80 0.024 0.038 8.867 11.700 2.004 3.793 0.390   125
 85 0.000 0.000 0.000 0.000 0.000 0.000 0.000   124
 90 0.000 0.000 0.000 0.000 0.000 0.000 0.000   124
 95 0.097 0.118 12.483 19.300 3.779 9.485 1.255   124
100 0.072 0.089 20.856 30.400 9.649 10.434 1.854   125
105 0.125 0.128 16.269 22.900 4.828 13.156 1.545   128
110 0.061 0.085 11.737 19.300 4.012 7.918 1.043   131
115 0.133 0.070 15.039 21.100 2.901 11.661 0.747   135
120 0.161 0.190 19.543 26.500 4.177 16.272 2.122   143
125 0.139 0.162 18.933 27.400 6.510 16.443 2.053   151
130 0.124 0.178 16.350 26.600 7.348 14.868 2.067   161
135 0.145 0.162 17.100 25.700 4.883 14.674 1.790   173
140 0.130 0.162 11.110 27.000 5.894 11.606 1.316   161
145 0.199 0.250 18.287 30.200 6.800 18.809 2.184   151
150 0.175 0.156 17.616 29.400 7.569 17.954 1.666   143
155 0.252 0.224 17.618 26.700 5.181 18.468 1.513   135
160 0.191 0.163 15.980 24.800 6.227 16.175 1.446   131
165 0.070 0.091 17.911 26.100 5.421 11.994 1.617   128
170 0.096 0.108 15.675 25.700 7.068 13.065 1.487   125
175 0.081 0.084 9.160 15.600 4.510 7.412 0.741   124
180 0.065 0.069 12.688 20.600 6.085 9.311 0.901   124
185 0.024 0.023 9.067 11.600 2.266 3.873 0.186   124
190 0.016 0.036 9.000 13.400 4.400 3.901 0.380   125
195 0.023 0.031 7.667 8.800 0.806 2.883 0.248   128
200 0.031 0.060 11.500 19.300 4.781 6.414 0.837   131
205 0.022 0.029 8.800 10.600 2.546 2.883 0.264   135
210 0.028 0.069 13.550 19.700 5.110 6.810 1.168   143
215 0.026 0.041 8.725 10.000 1.475 3.046 0.416   151
220 0.019 0.022 7.167 7.600 0.368 2.328 0.140   161
225 0.017 0.031 9.733 13.400 2.593 3.862 0.325   173
230 0.043 0.048 8.543 11.600 1.986 4.558 0.442   161
235 0.033 0.094 14.300 16.800 2.340 6.321 1.607   151
240 0.021 0.041 10.067 17.600 5.357 5.274 0.484   143
245 0.089 0.067 9.400 13.400 2.198 6.525 0.567   135
250 0.053 0.079 10.171 13.400 1.858 5.615 0.880   131
255 0.023 0.022 5.667 7.600 1.592 2.480 0.105   128
260 0.024 0.020 9.500 11.200 1.577 3.752 0.144   125
265 0.000 0.000 0.000 0.000 0.000 0.000 0.000   124
270 0.008 0.009 4.700 4.700 0.000 1.069 0.015   124
275 0.089 0.068 15.427 23.400 6.145 11.921 0.950   124
280 0.104 0.095 15.015 28.800 8.144 13.998 1.249   125
285 0.086 0.098 18.109 26.000 4.803 12.679 1.622   128
290 0.061 0.082 11.737 19.300 4.012 7.918 1.007   131
295 0.133 0.074 15.039 21.100 2.901 11.661 0.790   135
300 0.168 0.221 19.454 26.500 4.111 16.433 2.282   143
305 0.139 0.161 18.933 27.400 6.510 16.443 2.048   151
310 0.124 0.180 16.350 26.600 7.348 14.868 2.090   161
315 0.145 0.160 17.100 25.700 4.883 14.674 1.773   173
320 0.130 0.168 11.110 27.000 5.894 11.606 1.356   161
325 0.199 0.244 18.287 30.200 6.800 18.809 2.150   151
330 0.175 0.159 17.616 29.400 7.569 17.954 1.695   143
335 0.252 0.197 17.618 26.700 5.181 18.468 1.369   135
340 0.191 0.159 15.980 24.800 6.227 16.175 1.418   131
345 0.133 0.198 16.553 24.700 4.942 13.880 2.117   128
350 0.104 0.055 16.623 24.400 5.799 13.115 0.729   125
355 0.081 0.061 10.740 16.200 4.488 8.091 0.608   124
