 Wd pai   fai   zH  zHmax   zHstd zd z0  noOfPixels
  0 0.056 0.161 13.043 16.700 2.389 7.272 2.002   124
  5 0.065 0.105 11.800 16.600 3.551 7.579 1.247   124
 10 0.048 0.087 15.883 20.400 3.481 8.539 1.547   125
 15 0.070 0.117 11.156 15.500 2.427 7.023 1.258   128
 20 0.031 0.087 14.125 19.700 3.441 6.777 1.497   131
 25 0.052 0.094 13.671 19.700 4.377 8.280 1.398   135
 30 0.063 0.164 15.933 29.800 7.639 12.073 2.407   143
 35 0.060 0.091 12.911 22.600 5.037 9.017 1.239   151
 40 0.062 0.137 12.970 20.700 3.843 8.513 1.726   161
 45 0.081 0.091 10.686 16.300 3.002 7.515 0.918   173
 50 0.019 0.046 9.967 11.700 1.429 3.555 0.580   161
 55 0.020 0.041 8.233 10.700 2.001 3.297 0.404   151
 60 0.077 0.099 7.536 11.800 2.251 5.298 0.713   143
 65 0.030 0.058 10.475 13.800 2.835 4.917 0.740   135
 70 0.038 0.068 8.440 11.700 1.930 4.329 0.674   131
 75 0.031 0.049 7.925 11.700 2.204 3.984 0.461   128
 80 0.056 0.131 12.386 21.300 5.495 8.660 1.635   125
 85 0.065 0.078 8.575 11.700 1.874 5.215 0.690   124
 90 0.073 0.133 10.233 15.300 3.887 7.270 1.270   124
 95 0.097 0.140 9.800 16.400 2.757 7.488 1.134   124
100 0.064 0.051 10.400 15.100 2.675 6.568 0.524   125
105 0.047 0.131 11.217 22.000 5.705 7.918 1.548   128
110 0.023 0.039 10.633 11.700 1.508 3.522 0.475   131
115 0.067 0.035 7.378 11.700 2.815 5.183 0.220   135
120 0.035 0.055 8.640 11.700 2.549 4.399 0.559   143
125 0.020 0.032 10.267 11.700 2.027 3.231 0.352   151
130 0.056 0.097 12.578 19.700 4.945 8.332 1.292   161
135 0.058 0.075 9.330 12.000 2.060 5.364 0.742   173
140 0.056 0.064 10.744 15.000 2.590 6.342 0.730   161
145 0.060 0.074 8.000 14.200 3.159 5.622 0.627   151
150 0.049 0.074 10.357 16.200 3.970 6.520 0.856   143
155 0.059 0.106 11.462 16.200 2.496 6.839 1.260   135
160 0.092 0.136 11.600 29.500 6.091 10.856 1.372   131
165 0.062 0.096 8.137 9.000 0.707 4.231 0.810   128
170 0.056 0.109 9.071 13.400 2.168 5.445 1.036   125
175 0.040 0.095 9.460 16.000 4.949 6.095 1.035   124
180 0.121 0.154 12.280 21.100 4.591 10.749 1.392   124
185 0.056 0.104 16.471 20.400 2.666 8.973 1.799   124
190 0.024 0.045 11.567 12.900 1.420 3.896 0.628   125
195 0.039 0.108 11.020 17.800 4.508 6.570 1.344   128
200 0.023 0.065 14.933 19.700 3.630 6.331 1.233   131
205 0.052 0.094 13.671 19.700 4.377 8.280 1.398   135
210 0.056 0.143 16.462 29.800 7.945 11.902 2.328   143
215 0.060 0.096 12.911 22.600 5.037 9.017 1.292   151
220 0.062 0.136 12.970 20.700 3.843 8.513 1.711   161
225 0.081 0.089 10.686 16.300 3.002 7.515 0.897   173
230 0.012 0.028 9.100 10.000 0.900 2.658 0.276   161
235 0.026 0.060 9.100 11.700 2.292 4.028 0.683   151
240 0.077 0.098 7.536 11.800 2.251 5.298 0.709   143
245 0.037 0.080 10.720 13.800 2.583 5.320 1.012   135
250 0.031 0.046 7.625 9.400 1.156 3.324 0.407   131
255 0.023 0.050 8.500 10.700 1.720 3.492 0.523   128
260 0.056 0.080 9.429 13.600 2.719 5.772 0.813   125
265 0.032 0.061 14.100 17.000 2.244 6.232 1.047   124
270 0.073 0.062 9.489 13.700 2.620 6.315 0.573   124
275 0.129 0.220 9.587 17.300 3.112 8.412 1.340   124
280 0.056 0.076 9.386 15.100 3.344 6.157 0.763   125
285 0.031 0.042 7.575 8.600 1.188 2.806 0.365   128
290 0.015 0.039 10.100 11.700 1.600 3.349 0.472   131
295 0.067 0.051 7.378 11.700 2.815 5.183 0.364   135
300 0.007 0.020 11.700 11.700 0.000 2.528 0.214   143
305 0.020 0.032 10.267 11.700 2.027 3.231 0.352   151
310 0.056 0.096 12.578 19.700 4.945 8.332 1.288   161
315 0.058 0.084 9.330 12.000 2.060 5.364 0.839   173
320 0.050 0.064 10.625 15.000 2.723 6.093 0.747   161
325 0.060 0.075 8.000 14.200 3.159 5.622 0.631   151
330 0.049 0.074 10.357 16.200 3.970 6.520 0.856   143
335 0.052 0.106 11.429 16.200 2.667 6.577 1.302   135
340 0.084 0.115 11.591 29.500 6.361 10.687 1.235   131
345 0.070 0.142 9.222 15.600 3.141 6.569 1.216   128
350 0.072 0.096 8.589 15.000 2.908 6.208 0.812   125
355 0.065 0.132 12.375 21.100 5.728 9.143 1.591   124
