 Wd pai   fai   zH  zHmax   zHstd zd z0  noOfPixels
  0 0.056 0.076 9.429 13.300 2.823 5.780 0.765   124
  5 0.065 0.122 9.850 15.100 3.136 6.554 1.181   124
 10 0.048 0.131 12.033 21.000 6.217 8.297 1.644   125
 15 0.047 0.059 9.250 15.300 2.951 5.650 0.608   128
 20 0.046 0.095 9.650 15.100 2.579 5.594 1.023   131
 25 0.052 0.100 9.714 14.100 3.565 6.035 1.047   135
 30 0.028 0.093 13.300 24.400 6.991 7.804 1.510   143
 35 0.000 0.000 0.000 0.000 0.000 0.000 0.000   151
 40 0.019 0.029 6.233 9.500 2.380 2.785 0.189   161
 45 0.058 0.053 8.100 10.800 1.967 4.770 0.446   173
 50 0.056 0.068 7.522 10.900 2.322 4.658 0.546   161
 55 0.007 0.010 6.000 6.000 0.000 1.271 0.023   151
 60 0.000 0.000 0.000 0.000 0.000 0.000 0.000   143
 65 0.015 0.024 6.450 9.000 2.550 2.548 0.146   135
 70 0.000 0.000 0.000 0.000 0.000 0.000 0.000   131
 75 0.008 0.016 8.000 8.000 0.000 1.799 0.086   128
 80 0.008 0.015 7.300 7.300 0.000 1.656 0.068   125
 85 0.024 0.036 8.867 9.300 0.330 3.124 0.357   124
 90 0.040 0.060 11.660 15.400 2.707 5.998 0.813   124
 95 0.008 0.023 11.300 11.300 0.000 2.571 0.248   124
100 0.008 0.015 7.300 7.300 0.000 1.656 0.068   125
105 0.000 0.000 0.000 0.000 0.000 0.000 0.000   128
110 0.000 0.000 0.000 0.000 0.000 0.000 0.000   131
115 0.022 0.039 10.167 11.400 0.873 3.677 0.462   135
120 0.000 0.000 0.000 0.000 0.000 0.000 0.000   143
125 0.013 0.013 7.700 7.700 0.000 2.094 0.051   151
130 0.025 0.040 14.975 17.300 2.767 5.108 0.698   161
135 0.000 0.000 0.000 0.000 0.000 0.000 0.000   173
140 0.006 0.017 11.000 11.000 0.000 2.278 0.143   161
145 0.007 0.020 11.900 11.900 0.000 2.522 0.204   151
150 0.056 0.073 8.813 11.200 1.903 4.974 0.689   143
155 0.022 0.030 5.400 6.000 0.455 1.942 0.169   135
160 0.053 0.056 6.943 9.800 1.668 4.047 0.415   131
165 0.031 0.049 7.750 11.300 2.713 4.008 0.451   128
170 0.040 0.055 9.300 11.600 2.144 4.660 0.588   125
175 0.016 0.039 9.600 10.400 0.800 3.036 0.449   124
180 0.008 0.012 5.800 5.800 0.000 1.319 0.032   124
185 0.089 0.093 10.873 16.000 3.524 8.010 0.919   124
190 0.048 0.086 9.583 20.700 5.074 7.065 0.917   125
195 0.023 0.041 10.367 10.900 0.377 3.615 0.502   128
200 0.046 0.094 9.650 15.100 2.579 5.594 1.012   131
205 0.052 0.102 9.714 14.100 3.565 6.035 1.070   135
210 0.021 0.044 16.533 24.400 5.622 7.457 0.886   143
215 0.000 0.000 0.000 0.000 0.000 0.000 0.000   151
220 0.019 0.029 6.233 9.500 2.380 2.785 0.189   161
225 0.058 0.060 8.100 10.800 1.967 4.770 0.513   173
230 0.056 0.068 7.522 10.900 2.322 4.658 0.546   161
235 0.007 0.010 6.000 6.000 0.000 1.271 0.023   151
240 0.000 0.000 0.000 0.000 0.000 0.000 0.000   143
245 0.015 0.024 6.450 9.000 2.550 2.548 0.146   135
250 0.000 0.000 0.000 0.000 0.000 0.000 0.000   131
255 0.016 0.031 7.900 8.400 0.500 2.425 0.269   128
260 0.016 0.020 4.950 5.400 0.450 1.572 0.080   125
265 0.024 0.025 7.067 8.900 1.929 2.387 0.160   124
270 0.032 0.028 12.975 14.000 1.266 4.862 0.345   124
275 0.016 0.031 7.800 7.900 0.100 2.307 0.273   124
280 0.000 0.000 0.000 0.000 0.000 0.000 0.000   125
285 0.023 0.038 10.767 12.800 1.970 4.265 0.471   128
290 0.000 0.000 0.000 0.000 0.000 0.000 0.000   131
295 0.022 0.039 10.167 11.400 0.873 3.677 0.459   135
300 0.000 0.000 0.000 0.000 0.000 0.000 0.000   143
305 0.013 0.013 7.700 7.700 0.000 2.094 0.051   151
310 0.025 0.042 14.975 17.300 2.767 5.108 0.738   161
315 0.000 0.000 0.000 0.000 0.000 0.000 0.000   173
320 0.006 0.017 11.000 11.000 0.000 2.278 0.143   161
325 0.007 0.020 11.900 11.900 0.000 2.522 0.204   151
330 0.056 0.074 8.813 11.200 1.903 4.974 0.706   143
335 0.022 0.030 5.400 6.000 0.455 1.942 0.169   135
340 0.053 0.053 6.943 9.800 1.668 4.047 0.391   131
345 0.023 0.055 9.400 13.800 3.287 4.412 0.648   128
350 0.072 0.105 10.233 14.000 3.488 6.911 1.044   125
355 0.024 0.051 11.567 14.300 1.994 4.701 0.723   124
