 Wd pai   fai   zH  zHmax   zHstd zd z0  noOfPixels
  0 0.427 0.394 16.204 24.000 4.161 19.869 0.958   124
  5 0.403 0.516 15.018 24.000 3.286 17.765 1.119   124
 10 0.392 0.399 12.843 21.900 4.127 16.275 0.999   125
 15 0.328 0.304 12.850 22.400 4.781 15.866 1.131   128
 20 0.267 0.325 10.594 18.300 3.177 11.626 1.117   131
 25 0.341 0.440 14.415 23.800 4.537 17.249 1.431   135
 30 0.420 0.473 17.003 29.200 5.023 21.705 1.272   143
 35 0.404 0.399 17.593 29.900 6.298 23.055 1.405   151
 40 0.429 0.566 16.503 30.900 6.976 23.284 1.764   161
 45 0.410 0.366 15.990 24.200 4.888 20.032 1.054   173
 50 0.404 0.372 16.875 29.200 6.629 22.654 1.376   161
 55 0.325 0.310 16.622 30.700 6.304 20.709 1.517   151
 60 0.294 0.316 15.386 25.200 4.230 17.019 1.405   143
 65 0.259 0.415 14.063 23.800 5.837 16.344 1.971   135
 70 0.389 0.475 15.237 23.100 4.594 18.693 1.300   131
 75 0.359 0.546 15.202 22.100 3.878 17.471 1.476   128
 80 0.472 0.559 14.714 28.700 5.758 21.152 1.254   125
 85 0.315 0.384 13.249 24.100 5.617 16.744 1.541   124
 90 0.266 0.352 14.567 27.400 6.270 17.539 1.849   124
 95 0.315 0.404 16.187 24.300 5.320 18.715 1.702   124
100 0.416 0.410 17.673 24.300 5.099 21.666 1.198   125
105 0.398 0.363 16.976 25.500 5.903 21.592 1.266   128
110 0.481 0.568 17.021 25.500 4.952 22.294 1.105   131
115 0.370 0.368 17.096 24.800 5.226 20.518 1.331   135
120 0.329 0.418 16.523 23.900 4.861 18.863 1.615   143
125 0.437 0.485 15.742 23.800 5.144 20.436 1.192   151
130 0.422 0.469 17.721 27.300 5.053 22.183 1.278   161
135 0.387 0.455 18.284 26.800 4.771 21.685 1.432   173
140 0.385 0.414 19.513 29.000 6.109 23.950 1.578   161
145 0.371 0.293 19.000 28.400 6.002 23.076 1.265   151
150 0.399 0.523 17.277 27.300 6.362 22.438 1.718   143
155 0.378 0.403 19.275 27.700 6.701 23.877 1.670   135
160 0.374 0.540 19.078 29.700 6.908 24.080 2.066   131
165 0.516 0.456 18.686 26.200 5.656 25.033 0.907   128
170 0.488 0.564 16.602 28.800 5.509 22.903 1.152   125
175 0.476 0.440 16.997 26.200 5.196 22.488 0.972   124
180 0.508 0.442 16.203 24.000 4.219 21.163 0.714   124
185 0.403 0.412 15.008 22.400 3.459 17.730 0.980   124
190 0.400 0.490 13.868 20.500 3.157 16.282 1.027   125
195 0.273 0.316 13.674 22.800 2.949 14.211 1.298   128
200 0.267 0.318 10.594 18.300 3.177 11.626 1.101   131
205 0.341 0.427 14.415 23.800 4.537 17.249 1.405   135
210 0.420 0.486 16.972 29.200 5.025 21.679 1.295   143
215 0.404 0.417 17.593 29.900 6.298 23.055 1.450   151
220 0.429 0.565 16.503 30.900 6.976 23.284 1.762   161
225 0.410 0.346 15.990 24.200 4.888 20.032 1.009   173
230 0.404 0.409 16.875 29.200 6.629 22.654 1.474   161
235 0.325 0.324 16.622 30.700 6.304 20.709 1.564   151
240 0.294 0.320 15.386 25.200 4.230 17.019 1.416   143
245 0.259 0.405 14.063 23.800 5.837 16.344 1.943   135
250 0.389 0.476 15.237 23.100 4.594 18.693 1.302   131
255 0.398 0.546 15.769 30.600 6.278 21.468 1.711   128
260 0.408 0.529 13.657 23.800 4.965 18.085 1.313   125
265 0.331 0.484 13.583 24.300 5.218 17.006 1.635   124
270 0.315 0.410 15.582 23.600 4.764 17.784 1.607   124
275 0.323 0.460 15.047 24.700 4.982 17.838 1.669   124
280 0.336 0.502 16.333 25.500 5.133 19.277 1.781   125
285 0.359 0.393 17.752 25.500 4.209 20.118 1.374   128
290 0.481 0.569 17.021 25.500 4.952 22.294 1.107   131
295 0.370 0.328 17.096 24.800 5.226 20.518 1.224   135
300 0.336 0.425 16.767 23.900 4.453 18.882 1.556   143
305 0.437 0.499 15.742 23.800 5.144 20.436 1.214   151
310 0.422 0.487 17.721 27.300 5.053 22.183 1.310   161
315 0.387 0.460 18.284 26.800 4.771 21.685 1.442   173
320 0.385 0.406 19.513 29.000 6.109 23.950 1.555   161
325 0.371 0.311 19.000 28.400 6.002 23.076 1.324   151
330 0.399 0.515 17.277 27.300 6.362 22.438 1.701   143
335 0.378 0.359 19.275 27.700 6.701 23.877 1.540   135
340 0.374 0.488 19.078 29.700 6.908 24.080 1.945   131
345 0.531 0.528 17.541 26.100 4.652 23.364 0.801   128
350 0.568 0.491 17.510 29.500 5.218 24.805 0.680   125
355 0.492 0.428 17.090 25.100 4.429 22.025 0.796   124
