 Wd pai   fai   zH  zHmax   zHstd zd z0  noOfPixels
  0 0.081 0.119 7.740 13.600 2.650 5.832 0.844   124
  5 0.105 0.113 8.008 18.400 4.612 7.902 0.782   124
 10 0.040 0.047 7.300 11.300 2.046 4.059 0.382   125
 15 0.023 0.040 6.767 7.200 0.419 2.403 0.313   128
 20 0.069 0.101 8.444 12.100 2.895 5.699 0.848   131
 25 0.104 0.130 8.514 11.100 2.151 6.156 0.899   135
 30 0.084 0.063 4.667 6.300 0.905 3.055 0.269   143
 35 0.079 0.054 6.142 9.400 2.178 4.476 0.304   151
 40 0.087 0.086 6.186 12.000 2.312 4.972 0.491   161
 45 0.092 0.146 11.106 20.500 4.329 9.099 1.361   173
 50 0.087 0.154 10.521 17.300 3.903 8.131 1.370   161
 55 0.073 0.145 8.855 20.900 4.242 7.411 1.179   151
 60 0.056 0.131 10.137 29.400 7.563 9.284 1.355   143
 65 0.044 0.054 6.783 8.900 1.831 3.670 0.405   135
 70 0.092 0.129 9.408 18.200 3.683 7.768 1.048   131
 75 0.109 0.230 11.379 24.400 4.408 10.128 1.782   128
 80 0.080 0.159 11.320 20.300 6.031 9.445 1.576   125
 85 0.065 0.054 9.937 14.400 3.403 6.583 0.528   124
 90 0.056 0.053 11.471 19.400 5.272 8.064 0.627   124
 95 0.097 0.136 10.567 17.500 3.503 8.298 1.200   124
100 0.064 0.100 13.688 18.800 4.231 8.735 1.391   125
105 0.000 0.000 0.000 0.000 0.000 0.000 0.000   128
110 0.046 0.085 13.333 19.200 4.836 7.890 1.286   131
115 0.074 0.113 9.070 16.000 3.015 6.611 0.977   135
120 0.140 0.216 9.370 16.200 3.345 8.544 1.251   143
125 0.046 0.071 7.757 12.100 2.661 4.694 0.618   151
130 0.050 0.080 9.462 13.900 2.606 5.554 0.842   161
135 0.104 0.118 10.794 17.200 3.258 8.464 1.048   173
140 0.075 0.119 7.550 14.300 2.573 5.631 0.848   161
145 0.000 0.000 0.000 0.000 0.000 0.000 0.000   151
150 0.021 0.042 7.933 9.200 1.212 2.944 0.396   143
155 0.052 0.071 10.414 12.900 1.997 5.597 0.810   135
160 0.061 0.107 8.150 10.300 1.546 4.668 0.896   131
165 0.070 0.103 8.744 16.600 3.098 6.451 0.888   128
170 0.072 0.105 9.244 15.200 3.439 6.703 0.944   125
175 0.113 0.157 11.179 25.400 7.169 11.659 1.415   124
180 0.073 0.084 6.589 12.700 2.414 4.963 0.549   124
185 0.056 0.084 7.886 14.300 2.844 5.373 0.710   124
190 0.024 0.037 8.667 11.700 2.176 3.788 0.360   125
195 0.031 0.046 15.025 23.400 4.950 7.897 0.794   128
200 0.069 0.100 8.444 12.100 2.895 5.699 0.844   131
205 0.104 0.129 8.514 11.100 2.151 6.156 0.890   135
210 0.084 0.063 4.583 6.300 1.011 3.064 0.263   143
215 0.079 0.054 6.142 9.400 2.178 4.476 0.306   151
220 0.087 0.083 6.186 12.000 2.312 4.972 0.472   161
225 0.092 0.146 11.106 20.500 4.329 9.099 1.361   173
230 0.087 0.154 10.521 17.300 3.903 8.131 1.374   161
235 0.073 0.145 8.855 20.900 4.242 7.411 1.179   151
240 0.056 0.131 10.137 29.400 7.563 9.284 1.355   143
245 0.044 0.054 6.783 8.900 1.831 3.670 0.405   135
250 0.092 0.127 9.408 18.200 3.683 7.768 1.039   131
255 0.070 0.111 8.078 16.600 3.718 6.432 0.879   128
260 0.096 0.182 11.533 24.400 6.291 10.707 1.672   125
265 0.089 0.118 12.673 20.300 4.470 9.699 1.331   124
270 0.129 0.165 12.525 19.100 5.164 11.140 1.460   124
275 0.089 0.092 11.136 14.900 2.672 7.619 0.927   124
280 0.032 0.029 13.975 15.800 1.843 5.222 0.384   125
285 0.016 0.037 9.550 12.100 2.550 3.493 0.425   128
290 0.046 0.119 13.333 19.200 4.836 7.890 1.705   131
295 0.074 0.114 9.070 16.000 3.015 6.611 0.983   135
300 0.147 0.222 9.271 16.200 3.487 8.711 1.233   143
305 0.046 0.050 7.757 12.100 2.661 4.694 0.423   151
310 0.050 0.056 9.462 13.900 2.606 5.554 0.571   161
315 0.104 0.117 10.794 17.200 3.258 8.464 1.043   173
320 0.075 0.121 7.550 14.300 2.573 5.631 0.863   161
325 0.000 0.000 0.000 0.000 0.000 0.000 0.000   151
330 0.021 0.042 7.933 9.200 1.212 2.944 0.396   143
335 0.052 0.047 10.414 12.900 1.997 5.597 0.504   135
340 0.061 0.108 8.150 10.300 1.546 4.668 0.902   131
345 0.055 0.070 6.343 9.000 1.572 3.749 0.481   128
350 0.104 0.151 9.731 17.900 3.661 8.222 1.165   125
355 0.065 0.070 14.162 27.100 7.685 11.227 1.022   124
