 Wd pai   fai   zH  zHmax   zHstd zd z0  noOfPixels
  0 0.008 0.022 11.000 11.000 0.000 2.502 0.231   124
  5 0.056 0.106 10.629 12.600 1.530 5.645 1.187   124
 10 0.072 0.174 10.322 17.000 3.732 7.445 1.558   125
 15 0.109 0.205 10.236 20.300 4.561 9.287 1.503   128
 20 0.115 0.208 12.133 17.600 3.127 9.367 1.723   131
 25 0.067 0.134 10.467 22.100 5.121 8.366 1.349   135
 30 0.126 0.173 10.111 15.600 2.487 8.119 1.200   143
 35 0.132 0.209 11.055 21.100 3.624 9.905 1.478   151
 40 0.106 0.158 10.306 17.100 2.821 8.057 1.254   161
 45 0.156 0.121 11.137 21.800 4.243 10.936 0.892   173
 50 0.118 0.158 11.132 19.200 3.540 9.357 1.291   161
 55 0.060 0.111 10.222 14.200 2.849 6.286 1.167   151
 60 0.133 0.178 10.242 14.100 2.859 8.330 1.210   143
 65 0.096 0.196 12.546 17.900 2.758 8.879 1.847   135
 70 0.191 0.160 11.728 18.700 3.594 11.359 1.002   131
 75 0.172 0.149 10.723 16.900 3.861 10.320 0.959   128
 80 0.056 0.084 10.029 16.100 3.780 6.645 0.901   125
 85 0.040 0.039 6.000 8.800 1.689 3.287 0.247   124
 90 0.040 0.054 9.800 11.900 2.668 3.979 0.603   124
 95 0.056 0.106 10.929 16.200 3.958 7.028 1.214   124
100 0.056 0.082 14.971 19.900 3.516 8.672 1.324   125
105 0.172 0.196 10.355 21.600 5.367 11.486 1.238   128
110 0.084 0.132 14.645 22.400 5.746 11.094 1.720   131
115 0.074 0.135 13.930 19.700 5.540 9.880 1.743   135
120 0.049 0.096 11.171 19.100 5.577 7.643 1.184   143
125 0.040 0.067 11.567 17.900 3.799 6.576 0.901   151
130 0.056 0.078 9.811 21.500 4.310 7.274 0.826   161
135 0.058 0.021 13.510 20.600 5.541 9.050 0.182   173
140 0.037 0.035 7.950 13.300 3.788 4.867 0.278   161
145 0.053 0.074 9.675 14.500 3.457 6.094 0.784   151
150 0.042 0.040 8.983 10.600 2.159 3.700 0.375   143
155 0.022 0.043 7.767 9.400 2.034 2.545 0.403   135
160 0.015 0.037 9.700 9.800 0.100 2.805 0.430   131
165 0.031 0.081 10.325 12.800 2.219 4.690 1.017   128
170 0.024 0.034 11.433 17.000 3.942 5.429 0.424   125
175 0.032 0.075 9.300 14.800 3.866 5.181 0.847   124
180 0.048 0.077 9.867 12.600 2.197 5.318 0.849   124
185 0.056 0.096 8.371 11.500 2.107 4.961 0.851   124
190 0.104 0.163 9.146 13.800 2.423 6.925 1.147   125
195 0.102 0.130 12.338 20.400 4.596 10.078 1.323   128
200 0.115 0.207 12.133 17.600 3.127 9.367 1.719   131
205 0.067 0.134 10.467 22.100 5.121 8.366 1.349   135
210 0.126 0.196 10.483 15.600 2.622 8.373 1.362   143
215 0.132 0.209 11.055 21.100 3.624 9.905 1.475   151
220 0.106 0.153 10.306 17.100 2.821 8.057 1.228   161
225 0.156 0.135 11.137 21.800 4.243 10.936 0.985   173
230 0.118 0.158 11.132 19.200 3.540 9.357 1.289   161
235 0.060 0.112 10.222 14.200 2.849 6.286 1.168   151
240 0.133 0.176 10.242 14.100 2.859 8.330 1.201   143
245 0.096 0.196 12.546 17.900 2.758 8.879 1.845   135
250 0.191 0.159 11.728 18.700 3.594 11.359 0.997   131
255 0.102 0.165 9.946 20.900 4.796 9.086 1.306   128
260 0.056 0.082 10.357 16.300 4.623 7.052 0.914   125
265 0.048 0.071 9.733 12.800 2.902 5.506 0.777   124
270 0.040 0.084 8.300 14.600 3.354 5.132 0.806   124
275 0.032 0.051 9.150 11.100 1.757 4.119 0.556   124
280 0.040 0.045 12.860 17.300 3.425 6.756 0.637   125
285 0.094 0.138 9.992 16.200 2.990 7.581 1.159   128
290 0.084 0.132 14.645 22.400 5.746 11.094 1.720   131
295 0.074 0.135 13.930 19.700 5.540 9.880 1.743   135
300 0.042 0.124 12.517 23.300 6.784 8.513 1.691   143
305 0.040 0.067 11.567 17.900 3.799 6.576 0.905   151
310 0.056 0.111 9.811 21.500 4.310 7.274 1.141   161
315 0.058 0.049 13.510 20.600 5.541 9.050 0.673   173
320 0.037 0.032 7.950 13.300 3.788 4.867 0.243   161
325 0.053 0.075 9.675 14.500 3.457 6.094 0.791   151
330 0.042 0.034 8.983 10.600 2.159 3.700 0.296   143
335 0.022 0.043 7.767 9.400 2.034 2.545 0.403   135
340 0.015 0.037 9.700 9.800 0.100 2.805 0.430   131
345 0.062 0.055 8.050 10.000 1.605 4.647 0.446   128
350 0.080 0.119 9.410 14.800 2.391 6.539 1.033   125
355 0.024 0.037 9.100 11.000 1.476 3.642 0.382   124
