 Wd pai   fai   zH  zHmax   zHstd zd z0  noOfPixels
  0 0.000 0.000 0.000 0.000 0.000 0.000 0.000   124
  5 0.024 0.000 6.600 9.400 2.673 3.154 0.000   124
 10 0.000 0.000 0.000 0.000 0.000 0.000 0.000   125
 15 0.000 0.000 0.000 0.000 0.000 0.000 0.000   128
 20 0.000 0.000 0.000 0.000 0.000 0.000 0.000   131
 25 0.000 0.000 0.000 0.000 0.000 0.000 0.000   135
 30 0.000 0.000 0.000 0.000 0.000 0.000 0.000   143
 35 0.000 0.000 0.000 0.000 0.000 0.000 0.000   151
 40 0.000 0.000 0.000 0.000 0.000 0.000 0.000   161
 45 0.000 0.000 0.000 0.000 0.000 0.000 0.000   173
 50 0.000 0.000 0.000 0.000 0.000 0.000 0.000   161
 55 0.000 0.000 0.000 0.000 0.000 0.000 0.000   151
 60 0.000 0.000 0.000 0.000 0.000 0.000 0.000   143
 65 0.000 0.000 0.000 0.000 0.000 0.000 0.000   135
 70 0.000 0.000 0.000 0.000 0.000 0.000 0.000   131
 75 0.031 0.046 8.275 9.400 1.720 3.066 0.445   128
 80 0.024 0.019 7.800 9.500 1.388 3.146 0.109   125
 85 0.008 0.008 4.200 4.200 0.000 0.955 0.010   124
 90 0.024 0.020 4.867 5.100 0.205 1.718 0.072   124
 95 0.016 0.009 4.550 4.600 0.050 1.343 0.013   124
100 0.056 0.046 7.200 13.600 3.599 5.313 0.331   125
105 0.031 0.029 6.500 8.800 1.404 3.065 0.180   128
110 0.031 0.040 10.775 17.200 6.333 6.301 0.487   131
115 0.081 0.083 9.873 16.700 4.541 7.875 0.781   135
120 0.091 0.077 10.300 15.400 4.026 7.965 0.722   143
125 0.099 0.086 7.667 17.600 3.456 6.944 0.580   151
130 0.068 0.050 12.745 16.800 4.260 6.257 0.601   161
135 0.092 0.054 12.000 20.900 5.529 10.078 0.552   173
140 0.075 0.079 7.375 14.100 2.891 5.675 0.572   161
145 0.139 0.169 13.567 26.500 6.379 13.486 1.579   151
150 0.147 0.126 15.195 25.200 6.036 14.297 1.315   143
155 0.096 0.053 11.792 20.700 5.680 10.169 0.530   135
160 0.099 0.085 10.300 16.900 4.097 8.447 0.766   131
165 0.078 0.058 11.460 19.100 4.095 8.505 0.621   128
170 0.064 0.059 10.087 21.300 5.692 8.262 0.609   125
175 0.016 0.023 8.100 11.300 3.200 3.299 0.167   124
180 0.008 0.008 4.200 4.200 0.000 0.955 0.010   124
185 0.024 0.026 11.167 14.700 3.858 3.773 0.277   124
190 0.000 0.000 0.000 0.000 0.000 0.000 0.000   125
195 0.000 0.000 0.000 0.000 0.000 0.000 0.000   128
200 0.000 0.000 0.000 0.000 0.000 0.000 0.000   131
205 0.000 0.000 0.000 0.000 0.000 0.000 0.000   135
210 0.000 0.000 0.000 0.000 0.000 0.000 0.000   143
215 0.000 0.000 0.000 0.000 0.000 0.000 0.000   151
220 0.000 0.000 0.000 0.000 0.000 0.000 0.000   161
225 0.000 0.000 0.000 0.000 0.000 0.000 0.000   173
230 0.000 0.000 0.000 0.000 0.000 0.000 0.000   161
235 0.000 0.000 0.000 0.000 0.000 0.000 0.000   151
240 0.000 0.000 0.000 0.000 0.000 0.000 0.000   143
245 0.000 0.000 0.000 0.000 0.000 0.000 0.000   135
250 0.000 0.000 0.000 0.000 0.000 0.000 0.000   131
255 0.039 0.041 8.640 11.300 1.742 4.311 0.375   128
260 0.024 0.034 7.400 8.800 1.705 2.493 0.279   125
265 0.016 0.028 7.050 8.300 1.250 2.423 0.211   124
270 0.000 0.000 0.000 0.000 0.000 0.000 0.000   124
275 0.008 0.008 4.100 4.100 0.000 0.933 0.009   124
280 0.040 0.040 8.220 14.800 3.848 5.265 0.346   125
285 0.016 0.012 5.700 6.000 0.300 1.732 0.030   128
290 0.031 0.042 10.775 17.200 6.333 6.301 0.508   131
295 0.081 0.083 9.873 16.700 4.541 7.875 0.779   135
300 0.084 0.081 12.050 18.100 4.008 8.797 0.913   143
305 0.099 0.087 7.667 17.600 3.456 6.944 0.583   151
310 0.068 0.054 12.745 16.800 4.260 6.257 0.667   161
315 0.092 0.073 12.000 20.900 5.529 10.078 0.794   173
320 0.075 0.080 7.375 14.100 2.891 5.675 0.582   161
325 0.139 0.164 13.567 26.500 6.379 13.486 1.545   151
330 0.147 0.122 15.195 25.200 6.036 14.297 1.278   143
335 0.096 0.089 11.792 20.700 5.680 10.169 0.942   135
340 0.099 0.075 10.300 16.900 4.097 8.447 0.674   131
345 0.094 0.052 9.967 17.100 3.069 7.699 0.429   128
350 0.072 0.051 12.278 20.700 5.995 9.506 0.589   125
355 0.008 0.034 17.000 17.000 0.000 3.867 0.707   124
