 Wd pai   fai   zH  zHmax   zHstd zd z0  noOfPixels
  0 0.315 0.310 16.421 25.400 5.074 18.846 1.414   124
  5 0.347 0.450 14.993 26.100 5.538 18.834 1.606   124
 10 0.432 0.383 16.324 26.300 5.517 21.457 1.089   125
 15 0.406 0.411 17.571 25.200 4.793 21.287 1.210   128
 20 0.366 0.526 15.221 24.800 4.378 18.313 1.473   131
 25 0.400 0.400 15.048 24.200 4.906 19.103 1.147   135
 30 0.315 0.390 15.489 23.500 4.612 17.596 1.534   143
 35 0.404 0.338 15.487 26.200 4.311 19.251 0.941   151
 40 0.342 0.323 15.520 27.200 5.111 18.927 1.274   161
 45 0.266 0.280 15.111 21.700 4.639 16.116 1.457   173
 50 0.391 0.522 17.230 25.200 4.387 20.415 1.434   161
 55 0.311 0.527 17.419 23.700 3.694 18.284 1.914   151
 60 0.392 0.745 18.668 27.800 4.420 21.917 1.845   143
 65 0.385 0.553 18.048 25.300 4.896 21.357 1.634   135
 70 0.511 0.676 17.096 25.500 4.642 22.573 1.040   131
 75 0.453 0.467 17.050 25.100 4.483 21.410 1.027   128
 80 0.480 0.604 17.480 27.200 5.197 23.102 1.206   125
 85 0.565 0.556 17.199 26.200 5.191 24.063 0.763   124
 90 0.653 0.658 16.751 26.600 5.544 25.286 0.564   124
 95 0.621 0.593 17.258 26.400 5.411 25.179 0.611   124
100 0.552 0.512 18.978 24.700 4.273 24.450 0.681   125
105 0.531 0.579 17.754 25.400 4.628 23.446 0.859   128
110 0.565 0.639 16.562 25.400 4.992 23.192 0.815   131
115 0.548 0.535 17.636 25.400 4.494 23.477 0.724   135
120 0.503 0.377 17.718 24.500 4.278 22.546 0.671   143
125 0.417 0.431 17.257 24.500 4.239 20.691 1.118   151
130 0.478 0.481 18.475 26.400 5.154 23.795 1.051   161
135 0.509 0.449 16.106 26.000 5.096 22.108 0.827   173
140 0.571 0.667 17.833 27.800 5.387 25.138 0.878   161
145 0.576 0.530 17.170 29.100 4.781 24.135 0.641   151
150 0.524 0.562 16.229 27.500 5.281 22.792 0.944   143
155 0.430 0.469 17.572 27.400 4.774 21.968 1.198   135
160 0.366 0.288 18.217 25.700 4.881 21.155 1.132   131
165 0.344 0.427 16.614 25.300 5.079 19.579 1.580   128
170 0.432 0.425 17.343 26.600 5.362 22.216 1.176   125
175 0.323 0.407 17.342 25.800 4.461 19.291 1.635   124
180 0.363 0.362 16.640 27.100 4.783 19.949 1.284   124
185 0.258 0.318 15.825 27.600 6.089 18.127 1.835   124
190 0.416 0.369 16.287 25.900 5.620 21.182 1.143   125
195 0.352 0.436 15.624 24.600 4.783 18.660 1.464   128
200 0.366 0.499 15.229 24.800 4.384 18.324 1.428   131
205 0.400 0.373 15.048 24.200 4.906 19.103 1.091   135
210 0.315 0.385 15.149 23.500 4.506 17.269 1.487   143
215 0.404 0.319 15.487 26.200 4.311 19.251 0.898   151
220 0.342 0.318 15.520 27.200 5.111 18.927 1.262   161
225 0.266 0.280 15.111 21.700 4.639 16.116 1.456   173
230 0.391 0.514 17.237 25.200 4.388 20.421 1.420   161
235 0.311 0.505 17.428 23.700 3.695 18.291 1.871   151
240 0.392 0.712 18.668 27.800 4.420 21.917 1.803   143
245 0.385 0.540 18.112 25.300 4.875 21.390 1.613   135
250 0.511 0.638 17.101 25.500 4.643 22.579 1.001   131
255 0.391 0.454 16.306 25.900 5.689 20.792 1.465   128
260 0.520 0.484 17.346 25.800 4.555 22.889 0.778   125
265 0.589 0.712 16.541 26.600 5.536 24.172 0.867   124
270 0.669 0.510 17.308 26.200 4.981 25.450 0.350   124
275 0.629 0.674 17.542 27.100 5.688 25.925 0.683   124
280 0.640 0.668 17.580 25.900 5.006 25.303 0.556   125
285 0.500 0.654 18.503 26.700 4.422 23.594 1.075   128
290 0.565 0.614 16.518 25.400 4.993 23.151 0.791   131
295 0.548 0.508 17.636 25.400 4.494 23.477 0.695   135
300 0.503 0.379 17.811 24.500 4.066 22.443 0.657   143
305 0.417 0.436 17.257 24.500 4.239 20.691 1.126   151
310 0.478 0.483 18.475 26.400 5.154 23.795 1.053   161
315 0.509 0.453 16.106 26.000 5.096 22.108 0.833   173
320 0.571 0.680 17.797 27.800 5.396 25.113 0.892   161
325 0.576 0.553 17.213 29.100 4.776 24.172 0.664   151
330 0.524 0.560 16.229 27.500 5.281 22.792 0.941   143
335 0.430 0.478 17.579 27.400 4.775 21.975 1.213   135
340 0.366 0.304 18.148 25.700 4.905 21.121 1.183   131
345 0.352 0.425 15.411 22.200 4.517 17.991 1.395   128
350 0.384 0.432 17.038 25.800 4.852 20.571 1.358   125
355 0.371 0.383 18.587 26.000 4.244 21.083 1.328   124
