 Wd pai   fai   zH  zHmax   zHstd zd z0  noOfPixels
  0 0.065 0.125 12.025 21.600 6.391 9.318 1.484   124
  5 0.016 0.034 8.550 10.500 1.950 3.066 0.340   124
 10 0.016 0.035 8.800 10.500 1.700 3.057 0.361   125
 15 0.008 0.017 8.600 8.600 0.000 1.934 0.107   128
 20 0.031 0.044 6.825 10.500 2.422 3.585 0.340   131
 25 0.000 0.000 0.000 0.000 0.000 0.000 0.000   135
 30 0.035 0.064 9.940 15.100 3.219 5.364 0.759   143
 35 0.020 0.018 5.900 7.000 1.556 1.857 0.074   151
 40 0.043 0.102 10.100 18.600 4.482 6.620 1.155   161
 45 0.046 0.077 10.063 21.200 5.543 7.357 0.879   173
 50 0.025 0.043 8.600 17.200 5.077 5.141 0.438   161
 55 0.040 0.069 9.567 14.300 2.792 5.277 0.767   151
 60 0.091 0.158 9.469 16.300 3.152 7.352 1.231   143
 65 0.052 0.097 13.271 21.900 5.600 8.833 1.395   135
 70 0.031 0.052 9.500 15.200 3.803 5.170 0.590   131
 75 0.039 0.083 8.520 21.600 6.578 6.834 0.831   128
 80 0.016 0.010 5.100 5.100 0.000 1.485 0.019   125
 85 0.008 0.009 4.400 4.400 0.000 1.001 0.012   124
 90 0.024 0.061 10.167 15.600 4.259 5.058 0.788   124
 95 0.016 0.022 8.550 10.700 2.150 3.124 0.161   124
100 0.056 0.084 8.257 11.400 1.674 4.756 0.743   125
105 0.031 0.052 8.275 11.900 2.666 4.203 0.509   128
110 0.076 0.155 15.410 22.200 5.342 10.833 2.110   131
115 0.081 0.103 15.491 21.300 5.421 11.003 1.486   135
120 0.070 0.119 16.240 23.800 5.591 11.115 1.862   143
125 0.046 0.068 12.000 20.800 6.156 8.144 0.921   151
130 0.019 0.040 8.600 10.700 1.490 3.201 0.414   161
135 0.040 0.037 6.643 8.800 1.902 3.516 0.249   173
140 0.043 0.029 10.186 15.100 3.180 5.838 0.262   161
145 0.106 0.093 9.644 14.800 3.249 7.696 0.748   151
150 0.056 0.044 9.050 14.200 3.258 5.902 0.398   143
155 0.052 0.089 9.629 13.000 2.674 5.581 0.934   135
160 0.038 0.094 9.840 17.900 4.264 6.123 1.073   131
165 0.047 0.094 11.500 21.600 7.567 8.554 1.208   128
170 0.056 0.081 10.243 17.200 3.405 6.716 0.888   125
175 0.048 0.083 9.233 15.000 3.626 5.888 0.858   124
180 0.048 0.129 14.117 23.900 7.236 9.645 1.906   124
185 0.032 0.044 5.450 7.200 1.040 2.541 0.273   124
190 0.016 0.020 5.100 5.700 0.600 1.659 0.087   125
195 0.008 0.021 10.500 10.500 0.000 2.361 0.192   128
200 0.031 0.034 6.825 10.500 2.422 3.585 0.246   131
205 0.000 0.000 0.000 0.000 0.000 0.000 0.000   135
210 0.035 0.064 10.340 15.100 2.900 5.385 0.791   143
215 0.020 0.018 5.900 7.000 1.556 1.857 0.074   151
220 0.043 0.102 10.100 18.600 4.482 6.620 1.155   161
225 0.046 0.077 10.063 21.200 5.543 7.357 0.879   173
230 0.025 0.043 8.600 17.200 5.077 5.141 0.438   161
235 0.040 0.067 9.567 14.300 2.792 5.277 0.751   151
240 0.091 0.156 9.469 16.300 3.152 7.352 1.221   143
245 0.052 0.096 13.271 21.900 5.600 8.833 1.376   135
250 0.031 0.073 9.500 15.200 3.803 5.170 0.844   131
255 0.023 0.064 10.900 16.200 3.753 5.132 0.884   128
260 0.032 0.057 9.000 11.000 1.672 4.041 0.617   125
265 0.032 0.065 11.025 13.200 1.942 4.898 0.865   124
270 0.032 0.051 7.975 11.900 2.375 4.108 0.475   124
275 0.016 0.036 8.900 11.000 2.100 3.212 0.375   124
280 0.048 0.112 9.367 11.900 1.571 4.879 1.140   125
285 0.070 0.204 15.933 22.200 5.666 10.813 2.694   128
290 0.076 0.151 15.410 22.200 5.342 10.833 2.067   131
295 0.081 0.105 15.491 21.300 5.421 11.003 1.522   135
300 0.063 0.112 16.133 23.800 5.786 10.742 1.817   143
305 0.046 0.070 12.000 20.800 6.156 8.144 0.949   151
310 0.019 0.040 8.600 10.700 1.490 3.201 0.414   161
315 0.040 0.037 6.643 8.800 1.902 3.516 0.249   173
320 0.043 0.033 10.186 15.100 3.180 5.838 0.325   161
325 0.106 0.088 9.644 14.800 3.249 7.696 0.711   151
330 0.056 0.069 9.050 14.200 3.258 5.902 0.673   143
335 0.052 0.110 9.629 13.000 2.674 5.581 1.125   135
340 0.038 0.094 9.840 17.900 4.264 6.123 1.073   131
345 0.031 0.059 8.575 17.200 5.071 5.534 0.606   128
350 0.040 0.067 9.300 17.000 4.571 6.050 0.728   125
355 0.024 0.037 6.133 8.500 1.960 2.800 0.257   124
