 Wd pai   fai   zH  zHmax   zHstd zd z0  noOfPixels
  0 0.008 0.017 8.400 8.400 0.000 1.911 0.106   124
  5 0.008 0.016 7.800 7.800 0.000 1.774 0.085   124
 10 0.000 0.000 0.000 0.000 0.000 0.000 0.000   125
 15 0.000 0.000 0.000 0.000 0.000 0.000 0.000   128
 20 0.000 0.000 0.000 0.000 0.000 0.000 0.000   131
 25 0.015 0.035 9.450 11.600 2.150 3.285 0.387   135
 30 0.000 0.000 0.000 0.000 0.000 0.000 0.000   143
 35 0.000 0.000 0.000 0.000 0.000 0.000 0.000   151
 40 0.000 0.000 0.000 0.000 0.000 0.000 0.000   161
 45 0.000 0.000 0.000 0.000 0.000 0.000 0.000   173
 50 0.006 0.007 4.800 4.800 0.000 0.994 0.008   161
 55 0.007 0.010 5.900 5.900 0.000 1.250 0.021   151
 60 0.000 0.000 0.000 0.000 0.000 0.000 0.000   143
 65 0.007 0.007 4.000 4.000 0.000 0.883 0.007   135
 70 0.000 0.000 0.000 0.000 0.000 0.000 0.000   131
 75 0.000 0.000 0.000 0.000 0.000 0.000 0.000   128
 80 0.000 0.000 0.000 0.000 0.000 0.000 0.000   125
 85 0.000 0.000 0.000 0.000 0.000 0.000 0.000   124
 90 0.000 0.000 0.000 0.000 0.000 0.000 0.000   124
 95 0.008 0.008 4.200 4.200 0.000 0.955 0.010   124
100 0.000 0.000 0.000 0.000 0.000 0.000 0.000   125
105 0.000 0.000 0.000 0.000 0.000 0.000 0.000   128
110 0.000 0.000 0.000 0.000 0.000 0.000 0.000   131
115 0.000 0.000 0.000 0.000 0.000 0.000 0.000   135
120 0.000 0.000 0.000 0.000 0.000 0.000 0.000   143
125 0.000 0.000 0.000 0.000 0.000 0.000 0.000   151
130 0.000 0.000 0.000 0.000 0.000 0.000 0.000   161
135 0.000 0.000 0.000 0.000 0.000 0.000 0.000   173
140 0.000 0.000 0.000 0.000 0.000 0.000 0.000   161
145 0.000 0.000 0.000 0.000 0.000 0.000 0.000   151
150 0.000 0.000 0.000 0.000 0.000 0.000 0.000   143
155 0.000 0.000 0.000 0.000 0.000 0.000 0.000   135
160 0.008 0.018 9.600 9.600 0.000 2.141 0.142   131
165 0.000 0.000 0.000 0.000 0.000 0.000 0.000   128
170 0.000 0.000 0.000 0.000 0.000 0.000 0.000   125
175 0.000 0.000 0.000 0.000 0.000 0.000 0.000   124
180 0.000 0.000 0.000 0.000 0.000 0.000 0.000   124
185 0.000 0.000 0.000 0.000 0.000 0.000 0.000   124
190 0.008 0.016 7.900 7.900 0.000 1.792 0.087   125
195 0.008 0.011 5.800 5.800 0.000 1.304 0.030   128
200 0.000 0.000 0.000 0.000 0.000 0.000 0.000   131
205 0.015 0.035 9.450 11.600 2.150 3.285 0.387   135
210 0.000 0.000 0.000 0.000 0.000 0.000 0.000   143
215 0.000 0.000 0.000 0.000 0.000 0.000 0.000   151
220 0.000 0.000 0.000 0.000 0.000 0.000 0.000   161
225 0.000 0.000 0.000 0.000 0.000 0.000 0.000   173
230 0.006 0.007 4.800 4.800 0.000 0.994 0.008   161
235 0.007 0.010 5.900 5.900 0.000 1.250 0.021   151
240 0.000 0.000 0.000 0.000 0.000 0.000 0.000   143
245 0.007 0.007 4.000 4.000 0.000 0.883 0.007   135
250 0.000 0.000 0.000 0.000 0.000 0.000 0.000   131
255 0.000 0.000 0.000 0.000 0.000 0.000 0.000   128
260 0.000 0.000 0.000 0.000 0.000 0.000 0.000   125
265 0.000 0.000 0.000 0.000 0.000 0.000 0.000   124
270 0.000 0.000 0.000 0.000 0.000 0.000 0.000   124
275 0.008 0.011 5.500 5.500 0.000 1.251 0.027   124
280 0.000 0.000 0.000 0.000 0.000 0.000 0.000   125
285 0.000 0.000 0.000 0.000 0.000 0.000 0.000   128
290 0.000 0.000 0.000 0.000 0.000 0.000 0.000   131
295 0.000 0.000 0.000 0.000 0.000 0.000 0.000   135
300 0.000 0.000 0.000 0.000 0.000 0.000 0.000   143
305 0.000 0.000 0.000 0.000 0.000 0.000 0.000   151
310 0.000 0.000 0.000 0.000 0.000 0.000 0.000   161
315 0.000 0.000 0.000 0.000 0.000 0.000 0.000   173
320 0.000 0.000 0.000 0.000 0.000 0.000 0.000   161
325 0.000 0.000 0.000 0.000 0.000 0.000 0.000   151
330 0.000 0.000 0.000 0.000 0.000 0.000 0.000   143
335 0.000 0.000 0.000 0.000 0.000 0.000 0.000   135
340 0.008 0.018 9.600 9.600 0.000 2.141 0.142   131
345 0.000 0.000 0.000 0.000 0.000 0.000 0.000   128
350 0.000 0.000 0.000 0.000 0.000 0.000 0.000   125
355 0.008 0.016 8.000 8.000 0.000 1.820 0.092   124
