 Wd pai   fai   zH  zHmax   zHstd zd z0  noOfPixels
  0 0.000 0.000 0.000 0.000 0.000 0.000 0.000   124
  5 0.016 0.027 6.700 7.300 0.600 2.131 0.185   124
 10 0.024 0.044 7.400 12.800 3.963 4.045 0.392   125
 15 0.008 0.013 6.400 6.400 0.000 1.439 0.042   128
 20 0.015 0.033 8.650 12.900 4.250 3.693 0.324   131
 25 0.007 0.019 10.500 10.500 0.000 2.317 0.174   135
 30 0.000 0.000 0.000 0.000 0.000 0.000 0.000   143
 35 0.020 0.028 8.067 9.800 1.226 3.006 0.232   151
 40 0.012 0.011 7.300 7.300 0.000 1.940 0.036   161
 45 0.023 0.027 5.675 7.100 1.375 2.352 0.145   173
 50 0.019 0.035 7.500 9.200 1.631 2.820 0.299   161
 55 0.040 0.052 7.567 9.800 1.538 3.787 0.443   151
 60 0.028 0.045 8.300 9.500 0.735 3.291 0.435   143
 65 0.044 0.059 7.833 9.300 1.048 3.803 0.527   135
 70 0.046 0.111 9.700 13.900 2.079 5.313 1.180   131
 75 0.008 0.019 9.800 9.800 0.000 2.204 0.157   128
 80 0.000 0.000 0.000 0.000 0.000 0.000 0.000   125
 85 0.024 0.020 9.300 11.600 2.276 3.915 0.148   124
 90 0.008 0.014 7.100 7.100 0.000 1.615 0.063   124
 95 0.024 0.051 10.467 20.100 6.822 6.252 0.656   124
100 0.024 0.070 11.667 15.400 3.062 5.071 1.038   125
105 0.055 0.073 10.000 15.200 3.258 6.296 0.793   128
110 0.023 0.033 5.767 7.800 1.438 2.480 0.206   131
115 0.000 0.000 0.000 0.000 0.000 0.000 0.000   135
120 0.028 0.087 12.425 23.200 7.043 7.462 1.327   143
125 0.060 0.086 12.722 19.400 3.883 8.168 1.148   151
130 0.043 0.057 14.671 18.900 2.714 7.490 0.944   161
135 0.081 0.057 8.236 13.500 2.727 6.071 0.427   173
140 0.043 0.033 18.571 23.300 5.061 7.748 0.576   161
145 0.086 0.086 17.031 23.700 5.278 12.126 1.359   151
150 0.084 0.088 17.542 29.000 8.027 14.031 1.452   143
155 0.059 0.092 10.137 11.500 1.709 4.728 0.984   135
160 0.000 0.000 0.000 0.000 0.000 0.000 0.000   131
165 0.008 0.032 16.400 16.400 0.000 3.688 0.620   128
170 0.016 0.027 6.850 7.200 0.350 2.096 0.194   125
175 0.008 0.008 3.800 3.800 0.000 0.864 0.007   124
180 0.040 0.061 8.160 10.600 1.602 4.095 0.575   124
185 0.008 0.012 6.000 6.000 0.000 1.365 0.036   124
190 0.016 0.031 7.800 8.400 0.600 2.445 0.269   125
195 0.008 0.022 11.500 11.500 0.000 2.586 0.247   128
200 0.015 0.033 8.650 12.900 4.250 3.693 0.324   131
205 0.007 0.019 10.500 10.500 0.000 2.317 0.174   135
210 0.000 0.000 0.000 0.000 0.000 0.000 0.000   143
215 0.020 0.028 8.067 9.800 1.226 3.006 0.232   151
220 0.012 0.011 7.300 7.300 0.000 1.940 0.036   161
225 0.023 0.027 5.675 7.100 1.375 2.352 0.145   173
230 0.019 0.035 7.500 9.200 1.631 2.820 0.299   161
235 0.040 0.053 7.567 9.800 1.538 3.787 0.457   151
240 0.028 0.045 8.300 9.500 0.735 3.291 0.435   143
245 0.044 0.057 7.833 9.300 1.048 3.803 0.507   135
250 0.046 0.111 9.700 13.900 2.079 5.313 1.180   131
255 0.031 0.068 8.675 12.600 2.875 4.442 0.718   128
260 0.000 0.000 0.000 0.000 0.000 0.000 0.000   125
265 0.032 0.044 8.600 12.400 2.509 4.359 0.427   124
270 0.016 0.041 10.050 13.700 3.650 4.000 0.498   124
275 0.000 0.000 0.000 0.000 0.000 0.000 0.000   124
280 0.048 0.080 12.317 16.800 3.719 7.057 1.109   125
285 0.016 0.036 9.150 10.700 1.550 3.089 0.385   128
290 0.023 0.033 5.767 7.800 1.438 2.480 0.206   131
295 0.000 0.000 0.000 0.000 0.000 0.000 0.000   135
300 0.028 0.094 13.400 23.200 6.272 7.511 1.532   143
305 0.060 0.086 12.722 19.400 3.883 8.168 1.148   151
310 0.043 0.057 14.671 18.900 2.714 7.490 0.939   161
315 0.081 0.054 8.236 13.500 2.727 6.071 0.407   173
320 0.043 0.037 18.571 23.300 5.061 7.748 0.687   161
325 0.086 0.089 17.031 23.700 5.278 12.126 1.397   151
330 0.084 0.094 17.542 29.000 8.027 14.031 1.546   143
335 0.059 0.091 10.137 11.500 1.709 4.728 0.972   135
340 0.000 0.000 0.000 0.000 0.000 0.000 0.000   131
345 0.008 0.033 17.100 17.100 0.000 3.846 0.686   128
350 0.000 0.000 0.000 0.000 0.000 0.000 0.000   125
355 0.008 0.008 4.000 4.000 0.000 0.910 0.008   124
