1	2	3	4	5	6	7	8	9	10	11	12	13	14	15	16	17	18	19	20	21	22	23	24	25	26	27	28	29	30	31	32	33	34	35	36	37	38	39	40	41	42	43	44	45	46	47	48	49	50	51	52	53	54	55	56	57	58	59	60	61	62	63	64	65	66	67	68	69	70	71	72	73	74	75	76	77	78	79	80	81	82	83	84	85	86	87	88	89	90	91	92	93	94	95	96	97	98	99	100	101	102	103	104	105	106	107	108	
Grid	Year	StartDLS	EndDLS	lat	lng	Timezone	SurfaceArea	Alt	z	id	ih	imin	Fr_Paved	Fr_Bldgs	Fr_EveTr	Fr_DecTr	Fr_Grass	Fr_Bsoil	Fr_Water	IrrFr_Paved	IrrFr_Bldgs	IrrFr_EveTr	IrrFr_DecTr	IrrFr_Grass	IrrFr_BSoil	IrrFr_Water	H_Bldgs	H_EveTr	H_DecTr	z0	zd	FAI_Bldgs	FAI_EveTr	FAI_DecTr	PopDensDay	PopDensNight	TrafficRate_WD	TrafficRate_WE	QF0_BEU_WD	QF0_BEU_WE	Code_Paved	Code_Bldgs	Code_EveTr	Code_DecTr	Code_Grass	Code_Bsoil	Code_Water	LUMPS_DrRate	LUMPS_Cover	LUMPS_MaxRes	NARP_Trans	CondCode	SnowCode	SnowClearingProfWD	SnowClearingProfWE	AnthropogenicCode	IrrigationCode	WaterUseProfManuWD	WaterUseProfManuWE	WaterUseProfAutoWD	WaterUseProfAutoWE	FlowChange	RunoffToWater	PipeCapacity	GridConnection1of8	Fraction1of8	GridConnection2of8	Fraction2of8	GridConnection3of8	Fraction3of8	GridConnection4of8	Fraction4of8	GridConnection5of8	Fraction5of8	GridConnection6of8	Fraction6of8	GridConnection7of8	Fraction7of8	GridConnection8of8	Fraction8of8	WithinGridPavedCode	WithinGridBldgsCode	WithinGridEveTrCode	WithinGridDecTrCode	WithinGridGrassCode	WithinGridUnmanBSoilCode	WithinGridWaterCode	AreaWall	Fr_ESTMClass_Paved1	Fr_ESTMClass_Paved2	Fr_ESTMClass_Paved3	Code_ESTMClass_Paved1	Code_ESTMClass_Paved2	Code_ESTMClass_Paved3	Fr_ESTMClass_Bldgs1	Fr_ESTMClass_Bldgs2	Fr_ESTMClass_Bldgs3	Fr_ESTMClass_Bldgs4	Fr_ESTMClass_Bldgs5	Code_ESTMClass_Bldgs1	Code_ESTMClass_Bldgs2	Code_ESTMClass_Bldgs3	Code_ESTMClass_Bldgs4	Code_ESTMClass_Bldgs5	!	Site	Reference	
3336	2010	87	304	40.755787	-73.977300	-5	25.0	0	292.248	1	0	0	0.416	0.572	0.000	0.009	0.003	0.000	0.000	0	0	0	0	0	0	0	98.844	6.648	6.648	4.429	112.784	1.469	0.003	0.003	1813.202	22.200	0.01	0.01	0.88	0.88	661	662	661	662	663	663	661	0.25	1	10	1	200	660	660	660	771	660	660	660	660	660	0	0.1	100	0	0	0	0	0	0	0	0	0	0	0	0	0	0	0	0	661	662	663	664	665	666	667	225250.00000000003	0.0	1.0	0.0	99999	807	99999	1.0	0.0	0.0	0.0	0.0	801	99999	99999	99999	99999	!	
3242	2010	87	304	40.760290	-73.977231	-5	25.0	0	292.482	1	0	0	0.394	0.544	0.000	0.056	0.006	0.000	0.000	0	0	0	0	0	0	0	106.278	12.165	12.165	4.143	115.066	1.573	0.027	0.027	1814.792	49.831	0.01	0.01	0.88	0.88	661	662	661	662	663	663	661	0.25	1	10	1	200	660	660	660	771	660	660	660	660	660	0	0.1	100	0	0	0	0	0	0	0	0	0	0	0	0	0	0	0	0	661	662	663	664	665	666	667	216750.0	0.0	1.0	0.0	99999	807	99999	1.0	0.0	0.0	0.0	0.0	801	99999	99999	99999	99999	!	
3054	2010	87	304	40.769298	-73.977093	-5	25.0	0	50.101	1	0	0	0.130	0.008	0.000	0.638	0.199	0.025	0.000	0	0	0	0	0	0	0	19.761	16.662	16.662	0.295	21.003	0.008	0.485	0.485	18.348	4.336	0.01	0.01	0.88	0.88	661	662	661	662	663	663	661	0.25	1	10	1	200	660	660	660	771	660	660	660	660	660	0	0.1	100	0	0	0	0	0	0	0	0	0	0	0	0	0	0	0	0	661	662	663	664	665	666	667	1750.0000000000002	0.0	1.0	0.0	99999	807	99999	1.0	0.0	0.0	0.0	0.0	801	99999	99999	99999	99999	!	
3337	2010	87	304	40.755734	-73.971378	-5	25.0	0	244.194	1	0	0	0.394	0.519	0.000	0.083	0.004	0.000	0.000	0	0	0	0	0	0	0	92.549	11.670	11.670	3.309	96.196	1.455	0.041	0.041	1495.488	234.149	0.01	0.01	0.88	0.88	661	662	661	662	663	663	661	0.25	1	10	1	200	660	660	660	771	660	660	660	660	660	0	0.1	100	0	0	0	0	0	0	0	0	0	0	0	0	0	0	0	0	661	662	663	664	665	666	667	203499.99999999997	0.0	1.0	0.0	99999	807	99999	1.0	0.0	0.0	0.0	0.0	801	99999	99999	99999	99999	!	
3055	2010	87	304	40.769245	-73.971170	-5	25.0	0	59.740	1	0	0	0.167	0.126	0.000	0.587	0.114	0.000	0.006	0	0	0	0	0	0	0	34.212	16.844	16.844	0.208	25.526	0.125	0.434	0.434	108.734	43.379	0.01	0.01	0.88	0.88	661	662	661	662	663	663	661	0.25	1	10	1	200	660	660	660	771	660	660	660	660	660	0	0.1	100	0	0	0	0	0	0	0	0	0	0	0	0	0	0	0	0	661	662	663	664	665	666	667	30250.0	0.0	1.0	0.0	99999	807	99999	1.0	0.0	0.0	0.0	0.0	801	99999	99999	99999	99999	!	
3148	2010	87	304	40.764794	-73.977162	-5	25.0	0	205.600	1	0	0	0.379	0.422	0.000	0.160	0.017	0.000	0.022	0	0	0	0	0	0	0	88.494	15.887	15.887	2.914	82.063	1.222	0.064	0.064	1259.830	161.290	0.01	0.01	0.88	0.88	661	662	661	662	663	663	661	0.25	1	10	1	200	660	660	660	771	660	660	660	660	660	0	0.1	100	0	0	0	0	0	0	0	0	0	0	0	0	0	0	0	0	661	662	663	664	665	666	667	183750.0	0.0	1.0	0.0	99999	807	99999	1.0	0.0	0.0	0.0	0.0	801	99999	99999	99999	99999	!	
3243	2010	87	304	40.760238	-73.971309	-5	25.0	0	304.201	1	0	0	0.440	0.513	0.000	0.038	0.009	0.000	0.000	0	0	0	0	0	0	0	108.317	8.023	8.023	5.574	116.710	1.505	0.023	0.023	1802.648	96.628	0.01	0.01	0.88	0.88	661	662	661	662	663	663	661	0.25	1	10	1	200	660	660	660	771	660	660	660	660	660	0	0.1	100	0	0	0	0	0	0	0	0	0	0	0	0	0	0	0	0	661	662	663	664	665	666	667	247250.0	0.0	1.0	0.0	99999	807	99999	1.0	0.0	0.0	0.0	0.0	801	99999	99999	99999	99999	!	
3338	2010	87	304	40.755681	-73.965456	-5	25.0	0	101.991	1	0	0	0.363	0.446	0.000	0.166	0.016	0.000	0.009	0	0	0	0	0	0	0	42.608	10.861	10.861	0.913	41.139	0.755	0.069	0.069	574.443	441.285	0.01	0.01	0.88	0.88	661	662	661	662	663	663	661	0.25	1	10	1	200	660	660	660	771	660	660	660	660	660	0	0.1	100	0	0	0	0	0	0	0	0	0	0	0	0	0	0	0	0	661	662	663	664	665	666	667	133000.0	0.0	1.0	0.0	99999	807	99999	1.0	0.0	0.0	0.0	0.0	801	99999	99999	99999	99999	!	
3056	2010	87	304	40.769192	-73.965246	-5	25.0	0	100.155	1	0	0	0.358	0.480	0.000	0.140	0.022	0.000	0.000	0	0	0	0	0	0	0	40.199	10.023	10.023	0.875	40.193	0.752	0.098	0.098	518.268	243.629	0.01	0.01	0.88	0.88	661	662	661	662	663	663	661	0.25	1	10	1	200	660	660	660	771	660	660	660	660	660	0	0.1	100	0	0	0	0	0	0	0	0	0	0	0	0	0	0	0	0	661	662	663	664	665	666	667	122250.0	0.0	1.0	0.0	99999	807	99999	1.0	0.0	0.0	0.0	0.0	801	99999	99999	99999	99999	!	
3149	2010	87	304	40.764741	-73.971239	-5	25.0	0	155.007	1	0	0	0.371	0.392	0.000	0.186	0.025	0.000	0.026	0	0	0	0	0	0	0	68.923	15.306	15.306	2.084	61.536	1.018	0.088	0.088	928.348	111.448	0.01	0.01	0.88	0.88	661	662	661	662	663	663	661	0.25	1	10	1	200	660	660	660	771	660	660	660	660	660	0	0.1	100	0	0	0	0	0	0	0	0	0	0	0	0	0	0	0	0	661	662	663	664	665	666	667	136000.0	0.0	1.0	0.0	99999	807	99999	1.0	0.0	0.0	0.0	0.0	801	99999	99999	99999	99999	!	
3244	2010	87	304	40.760185	-73.965386	-5	25.0	0	170.921	1	0	0	0.427	0.473	0.000	0.093	0.007	0.000	0.000	0	0	0	0	0	0	0	66.278	9.651	9.651	2.117	67.529	0.828	0.039	0.039	1095.372	429.881	0.01	0.01	0.88	0.88	661	662	661	662	663	663	661	0.25	1	10	1	200	660	660	660	771	660	660	660	660	660	0	0.1	100	0	0	0	0	0	0	0	0	0	0	0	0	0	0	0	0	661	662	663	664	665	666	667	142249.99999999997	0.0	1.0	0.0	99999	807	99999	1.0	0.0	0.0	0.0	0.0	801	99999	99999	99999	99999	!	
3339	2010	87	304	40.755628	-73.959533	-5	25.0	0	94.795	1	0	0	0.144	0.112	0.000	0.088	0.024	0.000	0.632	0	0	0	0	0	0	0	47.495	11.366	11.366	2.847	25.878	0.139	0.035	0.035	73.920	181.984	0.01	0.01	0.88	0.88	661	662	661	662	663	663	661	0.25	1	10	1	200	660	660	660	771	660	660	660	660	660	0	0.1	100	0	0	0	0	0	0	0	0	0	0	0	0	0	0	0	0	661	662	663	664	665	666	667	29499.999999999996	0.0	1.0	0.0	99999	807	99999	1.0	0.0	0.0	0.0	0.0	801	99999	99999	99999	99999	!	
3057	2010	87	304	40.769139	-73.959323	-5	25.0	0	102.512	1	0	0	0.359	0.461	0.000	0.161	0.019	0.000	0.000	0	0	0	0	0	0	0	42.623	9.969	9.969	0.905	41.980	0.799	0.088	0.088	630.633	598.625	0.01	0.01	0.88	0.88	661	662	661	662	663	663	661	0.25	1	10	1	200	660	660	660	771	660	660	660	660	660	0	0.1	100	0	0	0	0	0	0	0	0	0	0	0	0	0	0	0	0	661	662	663	664	665	666	667	130750.00000000001	0.0	1.0	0.0	99999	807	99999	1.0	0.0	0.0	0.0	0.0	801	99999	99999	99999	99999	!	
3150	2010	87	304	40.764688	-73.965316	-5	25.0	0	103.907	1	0	0	0.351	0.465	0.000	0.171	0.013	0.000	0.000	0	0	0	0	0	0	0	42.880	12.217	12.217	0.937	42.728	0.850	0.178	0.178	793.121	300.878	0.01	0.01	0.88	0.88	661	662	661	662	663	663	661	0.25	1	10	1	200	660	660	660	771	660	660	660	660	660	0	0.1	100	0	0	0	0	0	0	0	0	0	0	0	0	0	0	0	0	661	662	663	664	665	666	667	129750.0	0.0	1.0	0.0	99999	807	99999	1.0	0.0	0.0	0.0	0.0	801	99999	99999	99999	99999	!	
3245	2010	87	304	40.760131	-73.959463	-5	25.0	0	115.252	1	0	0	0.454	0.282	0.000	0.117	0.024	0.000	0.123	0	0	0	0	0	0	0	49.747	11.110	11.110	3.210	40.590	0.675	0.053	0.053	739.176	361.879	0.01	0.01	0.88	0.88	661	662	661	662	663	663	661	0.25	1	10	1	200	660	660	660	771	660	660	660	660	660	0	0.1	100	0	0	0	0	0	0	0	0	0	0	0	0	0	0	0	0	661	662	663	664	665	666	667	91500.0	0.0	1.0	0.0	99999	807	99999	1.0	0.0	0.0	0.0	0.0	801	99999	99999	99999	99999	!	
3151	2010	87	304	40.764635	-73.959393	-5	25.0	0	103.298	1	0	0	0.384	0.453	0.000	0.150	0.013	0.000	0.000	0	0	0	0	0	0	0	42.367	10.471	10.471	0.990	41.435	0.703	0.111	0.111	604.755	413.676	0.01	0.01	0.88	0.88	661	662	661	662	663	663	661	0.25	1	10	1	200	660	660	660	771	660	660	660	660	660	0	0.1	100	0	0	0	0	0	0	0	0	0	0	0	0	0	0	0	0	661	662	663	664	665	666	667	110750.0	0.0	1.0	0.0	99999	807	99999	1.0	0.0	0.0	0.0	0.0	801	99999	99999	99999	99999	!	
-9
-9
