 Wd pai   fai   zH  zHmax   zHstd zd z0  noOfPixels
  0 0.432 0.803 56.026 117.122 36.312 91.375 12.116   125
  5 0.360 0.736 61.441 117.122 36.578 90.251 12.682   125
 10 0.288 0.561 63.556 117.122 37.164 85.399 12.350   125
 15 0.310 0.827 57.556 117.122 33.260 80.324 12.916   129
 20 0.379 1.012 52.052 117.122 26.249 75.628 10.090   132
 25 0.343 1.573 59.495 147.874 44.947 96.879 22.740   137
 30 0.357 0.821 56.148 147.874 47.541 97.550 19.521   143
 35 0.364 0.737 53.345 147.874 45.642 94.333 17.840   151
 40 0.290 0.804 59.376 147.874 42.502 89.565 16.656   162
 45 0.326 0.761 52.185 147.874 42.504 87.356 16.669   175
 50 0.302 0.762 46.393 112.913 27.304 66.165 10.311   162
 55 0.318 0.747 46.617 126.638 28.833 69.611 10.614   151
 60 0.357 0.659 68.106 126.638 33.867 94.133 11.081   143
 65 0.401 0.786 76.746 126.638 40.622 110.466 13.364   137
 70 0.318 0.650 93.996 126.638 37.505 80.290 14.009   132
 75 0.372 0.731 90.296 126.638 37.819 81.601 12.889   129
 80 0.296 1.058 81.744 126.638 40.250 102.290 18.044   125
 85 0.280 0.858 63.668 131.966 38.156 87.018 15.470   125
 90 0.288 0.811 59.658 131.966 39.377 85.814 15.424   125
 95 0.264 1.027 77.880 131.966 45.897 100.162 20.270   125
100 0.280 0.714 93.065 131.966 49.230 75.920 18.903   125
105 0.349 0.539 84.299 131.966 50.321 74.432 15.048   129
110 0.273 0.456 95.855 131.966 46.539 77.458 14.903   132
115 0.314 0.910 76.605 131.966 55.024 111.942 22.564   137
120 0.042 0.017 9.827 9.827 0.000 4.048 0.099   143
125 0.185 0.603 37.291 117.122 38.440 57.811 12.874   151
130 0.284 0.642 39.570 117.122 36.255 66.713 13.612   162
135 0.314 0.351 34.017 117.122 34.837 63.377 9.871   175
140 0.259 0.335 34.928 117.122 37.108 61.873 10.168   162
145 0.291 0.409 38.678 117.122 37.980 67.942 11.574   151
150 0.322 0.443 37.594 117.122 35.441 67.305 11.154   143
155 0.314 0.455 50.035 117.122 39.151 79.425 11.651   137
160 0.273 0.457 53.448 117.122 43.478 81.164 13.267   132
165 0.287 0.730 63.314 117.122 42.585 88.866 15.958   129
170 0.320 0.486 60.654 117.122 42.174 90.148 12.612   125
175 0.400 0.578 57.182 117.122 39.402 92.465 11.811   125
180 0.432 0.780 56.026 117.122 36.312 91.375 11.928   125
185 0.360 0.772 61.441 117.122 36.578 90.251 12.973   125
190 0.288 0.561 63.556 117.122 37.164 85.399 12.350   125
195 0.310 0.827 57.556 117.122 33.260 80.324 12.916   129
200 0.318 0.845 56.920 117.122 28.479 76.879 11.220   132
205 0.350 0.688 61.037 147.874 48.699 101.855 17.920   137
210 0.364 0.713 55.146 147.874 47.623 97.436 18.402   143
215 0.291 0.741 54.065 147.874 44.535 87.182 17.309   151
220 0.296 0.800 59.571 147.874 41.626 89.683 16.200   162
225 0.326 0.683 52.185 147.874 42.504 87.356 15.846   175
230 0.241 0.897 53.443 126.638 31.437 70.335 13.501   162
235 0.298 0.578 46.078 126.638 31.635 69.939 10.553   151
240 0.350 0.789 68.461 126.638 34.110 93.954 12.353   143
245 0.401 0.855 79.405 126.638 37.477 110.085 12.742   137
250 0.348 0.670 85.807 126.638 39.782 111.025 13.452   132
255 0.372 0.693 90.296 126.638 37.819 81.601 12.539   129
260 0.296 1.058 81.744 126.638 40.250 102.290 18.045   125
265 0.280 0.859 63.668 131.966 38.156 87.018 15.476   125
270 0.288 0.812 59.658 131.966 39.377 85.814 15.431   125
275 0.264 1.028 77.880 131.966 45.897 100.162 20.276   125
280 0.280 0.713 93.065 131.966 49.230 75.920 18.896   125
285 0.349 0.435 84.299 131.966 50.321 74.432 13.245   129
290 0.303 0.456 91.221 131.966 48.467 76.563 14.264   132
295 0.234 1.574 54.156 131.966 50.069 83.377 24.905   137
300 0.042 0.017 9.827 9.827 0.000 4.048 0.099   143
305 0.126 0.428 27.536 64.243 16.721 29.411 6.077   151
310 0.315 0.599 25.488 117.122 24.669 47.554 9.279   162
315 0.314 0.299 34.017 117.122 34.837 63.377 8.832   175
320 0.290 0.328 33.239 117.122 35.610 61.711 9.842   162
325 0.305 0.419 35.769 117.122 35.732 64.861 11.180   151
330 0.322 0.407 37.594 117.122 35.441 67.305 10.583   143
335 0.307 0.435 47.129 117.122 38.867 76.365 11.489   137
340 0.273 0.428 59.790 117.122 41.107 83.909 11.897   132
345 0.287 0.535 63.314 117.122 42.585 88.866 13.747   129
350 0.320 0.486 60.654 117.122 42.174 90.148 12.605   125
355 0.400 0.545 57.182 117.122 39.402 92.465 11.399   125
