 Wd pai   fai   zH  zHmax   zHstd zd z0  noOfPixels
  0 0.480 1.530 78.860 209.215 43.907 130.219 17.087   125
  5 0.480 1.454 67.347 156.865 37.140 109.421 14.099   125
 10 0.536 0.909 65.334 156.865 38.725 113.197 10.457   125
 15 0.504 1.013 78.728 210.364 58.209 146.147 20.636   129
 20 0.727 1.291 86.201 210.364 65.169 181.333 11.418   132
 25 0.715 1.546 83.658 210.364 64.420 176.771 13.998   137
 30 0.685 1.402 80.484 210.364 64.386 170.781 15.923   143
 35 0.682 1.014 69.970 210.364 66.874 161.947 15.649   151
 40 0.611 1.257 87.176 210.364 62.128 168.678 17.940   162
 45 0.543 1.228 89.468 210.364 60.725 162.801 20.581   175
 50 0.481 1.329 79.340 210.364 56.966 143.313 23.586   162
 55 0.497 0.709 45.475 83.811 24.616 72.233 6.142   151
 60 0.503 0.956 58.099 161.818 38.723 104.174 12.501   143
 65 0.511 0.793 65.254 161.818 43.733 116.452 12.494   137
 70 0.477 0.849 71.400 161.818 42.354 118.182 12.819   132
 75 0.519 0.941 58.089 161.818 32.929 99.515 9.301   129
 80 0.512 0.614 50.034 84.981 28.096 80.274 6.187   125
 85 0.464 0.784 58.506 84.981 26.580 57.245 7.378   125
 90 0.328 0.498 64.654 83.811 21.482 55.834 7.387   125
 95 0.368 0.595 65.033 116.559 21.970 82.062 7.277   125
100 0.400 0.595 68.110 116.559 29.193 92.985 8.247   125
105 0.426 0.675 64.525 116.559 33.034 95.296 9.446   129
110 0.462 0.590 65.638 116.559 29.756 96.147 6.991   132
115 0.482 1.097 61.694 116.559 30.708 94.896 9.883   137
120 0.399 2.111 79.331 156.865 50.489 124.066 25.830   143
125 0.391 1.039 89.853 156.865 51.288 132.218 19.826   151
130 0.407 1.046 98.464 161.544 51.905 142.165 19.331   162
135 0.417 0.673 112.711 161.544 39.735 145.011 11.855   175
140 0.370 0.746 100.508 156.865 42.229 130.962 14.592   162
145 0.298 0.568 100.258 156.865 48.049 125.106 16.471   151
150 0.420 0.993 92.679 156.865 42.699 130.899 14.971   143
155 0.416 1.170 91.909 156.865 40.240 127.862 15.295   137
160 0.477 1.166 93.541 156.865 28.095 124.873 9.494   132
165 0.457 1.416 100.305 156.865 29.397 130.068 11.676   129
170 0.400 1.265 79.347 156.865 37.679 113.598 15.276   125
175 0.376 1.291 80.194 156.865 33.312 108.295 14.462   125
180 0.480 1.111 78.860 209.215 43.907 130.219 14.804   125
185 0.480 1.434 67.347 156.865 37.140 109.421 14.017   125
190 0.536 0.864 65.334 156.865 38.725 113.197 10.145   125
195 0.504 1.009 78.728 210.364 58.209 146.147 20.595   129
200 0.712 1.063 86.082 210.364 65.605 180.357 10.978   132
205 0.701 1.462 79.153 210.364 65.218 171.558 15.694   137
210 0.706 1.317 78.893 210.364 64.071 170.511 13.756   143
215 0.722 1.340 65.096 210.364 63.708 156.250 14.912   151
220 0.586 1.153 85.840 210.364 63.328 166.166 19.402   162
225 0.543 1.305 89.468 210.364 60.725 162.801 21.229   175
230 0.463 1.981 66.374 210.364 44.494 117.305 21.343   162
235 0.483 1.055 49.689 161.818 30.323 86.329 10.282   151
240 0.510 0.873 57.960 161.818 38.475 104.280 11.578   143
245 0.518 0.744 63.969 161.818 43.896 115.940 11.994   137
250 0.455 0.741 66.768 161.818 37.349 107.432 10.790   132
255 0.519 0.772 58.089 161.818 32.929 99.515 8.274   129
260 0.512 0.452 50.034 84.981 28.096 80.274 4.922   125
265 0.464 0.617 58.506 84.981 26.580 57.245 6.391   125
270 0.328 0.499 64.654 83.811 21.482 55.834 7.401   125
275 0.368 0.690 65.033 116.559 21.970 82.062 7.876   125
280 0.400 0.711 68.110 116.559 29.193 92.985 9.109   125
285 0.426 0.709 64.525 116.559 33.034 95.296 9.712   129
290 0.455 0.808 68.818 156.865 33.368 105.301 9.753   132
295 0.474 2.028 77.528 156.865 39.718 120.676 16.939   137
300 0.434 0.613 87.982 156.865 54.238 138.054 15.177   143
305 0.444 0.611 84.310 156.865 55.407 137.118 15.578   151
310 0.364 0.711 95.308 156.865 52.901 134.297 17.761   162
315 0.417 0.846 112.711 161.544 39.735 145.011 13.385   175
320 0.377 0.721 93.992 156.865 42.594 126.964 14.090   162
325 0.265 0.611 98.317 156.865 44.673 116.492 17.354   151
330 0.413 1.178 92.459 156.865 43.026 130.216 16.520   143
335 0.401 0.967 87.919 156.865 38.896 121.910 14.037   137
340 0.477 1.035 92.191 156.865 28.847 124.337 9.099   132
345 0.457 1.573 100.305 156.865 29.397 130.068 12.184   129
350 0.400 1.265 79.347 156.865 37.679 113.598 15.276   125
355 0.376 1.291 80.194 156.865 33.312 108.295 14.462   125
