 Wd pai   fai   zH  zHmax   zHstd zd z0  noOfPixels
  0 0.528 0.626 33.799 68.000 18.093 55.281 3.749   125
  5 0.464 0.615 25.619 44.931 10.531 36.571 2.510   125
 10 0.536 0.676 30.179 45.510 11.816 43.832 2.295   125
 15 0.465 0.835 27.994 45.510 10.170 38.421 2.907   129
 20 0.455 0.680 29.313 48.458 11.516 40.747 3.011   132
 25 0.504 1.071 28.561 94.003 17.648 50.561 5.803   137
 30 0.476 0.819 31.428 94.003 20.135 54.857 6.217   143
 35 0.503 0.888 33.433 94.003 26.318 63.902 9.063   151
 40 0.549 1.094 43.997 180.512 38.651 93.554 14.601   162
 45 0.491 0.905 53.547 180.512 49.122 110.081 19.549   175
 50 0.580 0.857 61.181 180.512 51.938 127.136 15.054   162
 55 0.450 1.047 53.413 107.249 30.965 84.734 10.937   151
 60 0.350 1.008 54.681 107.249 31.331 78.903 12.632   143
 65 0.445 1.045 63.249 110.609 24.011 87.252 8.138   137
 70 0.500 1.110 58.250 110.609 29.649 91.418 9.229   132
 75 0.488 1.041 47.802 110.609 25.836 77.575 8.181   129
 80 0.392 0.874 41.283 80.501 28.681 65.981 10.849   125
 85 0.440 0.686 36.846 80.501 25.680 62.393 8.013   125
 90 0.408 0.598 32.783 80.501 23.243 55.234 7.111   125
 95 0.296 0.666 40.276 96.698 29.894 61.671 10.808   125
100 0.496 1.362 54.560 98.228 33.600 89.892 12.592   125
105 0.442 0.672 57.280 98.228 34.305 89.101 9.859   129
110 0.417 0.901 61.654 98.228 31.782 88.723 10.817   132
115 0.190 1.056 51.148 98.228 25.543 57.247 13.444   137
120 0.021 0.322 92.111 92.111 0.000 29.563 24.385   143
125 0.424 0.766 59.461 92.111 21.757 78.552 6.764   151
130 0.407 1.107 52.247 92.111 29.539 77.921 11.428   162
135 0.423 0.409 26.237 69.126 15.611 42.407 3.379   175
140 0.512 0.637 23.545 64.191 15.037 41.738 3.616   162
145 0.464 0.669 27.817 64.191 17.457 46.552 4.866   151
150 0.531 0.665 29.887 80.077 21.054 55.490 5.229   143
155 0.562 0.691 41.853 80.077 22.472 69.587 4.420   137
160 0.545 0.873 40.253 80.077 20.930 65.908 5.026   132
165 0.481 0.873 31.882 63.000 16.579 49.922 4.814   129
170 0.456 0.839 30.259 68.000 17.865 49.184 5.616   125
175 0.448 0.564 32.097 68.000 18.039 50.678 4.491   125
180 0.528 0.529 33.799 68.000 18.093 55.281 3.312   125
185 0.464 0.651 25.619 44.931 10.531 36.571 2.599   125
190 0.536 0.704 30.179 45.510 11.816 43.832 2.361   125
195 0.465 0.836 27.994 45.510 10.170 38.421 2.910   129
200 0.455 0.808 28.303 48.458 10.871 39.322 3.140   132
205 0.474 0.600 31.029 94.003 19.765 54.068 5.048   137
210 0.462 0.952 33.800 94.003 21.715 58.078 7.480   143
215 0.437 1.180 37.573 94.003 28.389 66.512 12.208   151
220 0.525 0.898 47.386 180.512 38.399 95.387 12.950   162
225 0.491 0.820 53.547 180.512 49.122 110.081 18.497   175
230 0.549 1.024 58.379 180.512 49.761 119.814 17.680   162
235 0.404 0.881 47.847 107.249 30.309 76.355 10.961   151
240 0.357 1.008 54.582 107.249 31.030 79.132 12.395   143
245 0.423 1.033 61.033 110.609 25.311 84.961 8.974   137
250 0.530 0.974 58.039 110.609 30.846 94.221 8.369   132
255 0.488 1.007 47.802 110.609 25.836 77.575 8.043   129
260 0.392 0.903 41.283 80.501 28.681 65.981 11.013   125
265 0.440 0.648 36.846 80.501 25.680 62.393 7.746   125
270 0.408 0.647 32.783 80.501 23.243 55.234 7.440   125
275 0.296 0.618 40.276 96.698 29.894 61.671 10.428   125
280 0.496 1.394 54.560 98.228 33.600 89.892 12.727   125
285 0.442 0.637 57.280 98.228 34.305 89.101 9.557   129
290 0.485 0.885 59.871 98.228 28.640 89.472 8.097   132
295 0.131 0.277 42.613 50.694 12.511 26.474 6.769   137
300 0.000 0.000 0.000 0.000 0.000 0.000 0.000   143
305 0.450 0.841 61.056 92.111 19.384 79.596 6.015   151
310 0.414 0.916 52.284 92.111 28.233 77.309 9.821   162
315 0.423 0.409 26.237 69.126 15.611 42.407 3.380   175
320 0.512 0.684 26.092 64.191 15.993 45.138 3.946   162
325 0.483 0.853 28.755 80.077 18.022 49.756 5.532   151
330 0.531 0.692 29.887 80.077 21.054 55.490 5.371   143
335 0.489 0.741 38.331 80.077 21.665 62.383 5.769   137
340 0.530 0.705 40.376 80.077 18.838 63.414 3.995   132
345 0.481 0.871 31.882 63.000 16.579 49.922 4.809   129
350 0.456 0.712 30.259 68.000 17.865 49.184 5.124   125
355 0.448 0.665 32.097 68.000 18.039 50.678 4.976   125
