 Wd pai   fai   zH  zHmax   zHstd zd z0  noOfPixels
  0 0.552 1.144 71.633 187.903 37.132 121.074 10.196   125
  5 0.608 1.504 81.148 187.903 39.978 137.945 10.249   125
 10 0.552 1.673 90.492 187.903 42.515 145.142 13.556   125
 15 0.566 1.675 90.457 187.903 52.134 155.698 17.536   129
 20 0.508 1.105 69.080 169.691 38.807 115.708 12.279   132
 25 0.365 1.250 95.931 157.835 46.234 129.982 19.847   137
 30 0.434 1.798 79.671 89.646 11.987 76.073 8.708   143
 35 0.411 1.761 87.827 166.211 28.812 115.124 13.739   151
 40 0.586 1.430 90.364 166.211 44.010 147.417 11.814   162
 45 0.600 1.856 91.429 215.939 45.278 155.256 13.295   175
 50 0.556 1.863 94.909 215.939 57.942 167.165 21.697   162
 55 0.629 1.725 118.109 215.939 49.649 189.520 11.755   151
 60 0.580 1.484 121.193 215.939 58.179 195.399 16.150   143
 65 0.504 1.704 122.418 215.939 61.219 189.731 22.813   137
 70 0.492 1.383 120.608 215.939 64.922 189.899 23.285   132
 75 0.496 1.299 117.980 215.939 59.549 183.307 20.131   129
 80 0.488 1.047 122.450 215.939 68.308 193.847 21.978   125
 85 0.488 1.771 132.324 221.062 65.936 201.017 25.807   125
 90 0.480 1.771 113.208 221.062 67.798 184.855 28.822   125
 95 0.488 1.635 121.041 221.062 69.363 194.201 27.628   125
100 0.512 0.821 122.480 221.062 64.892 194.801 16.802   125
105 0.488 0.745 153.437 221.062 60.034 214.001 14.827   129
110 0.553 1.084 103.273 221.062 69.820 186.795 21.485   132
115 0.708 1.825 118.270 221.062 73.193 222.477 15.447   137
120 0.769 0.985 124.131 221.062 65.012 226.646 4.921   143
125 0.583 1.938 135.555 221.062 59.949 211.491 18.156   151
130 0.593 1.365 111.621 221.062 57.751 187.710 15.231   162
135 0.674 1.270 112.381 221.062 53.899 193.134 9.171   175
140 0.660 2.085 119.348 221.062 57.086 202.087 13.806   162
145 0.556 1.411 114.377 221.062 58.938 187.388 17.765   151
150 0.573 1.364 109.470 221.062 58.407 184.135 16.680   143
155 0.606 1.376 90.595 221.062 52.837 163.047 14.274   137
160 0.606 1.456 73.347 221.062 46.025 137.922 13.425   132
165 0.566 1.096 61.786 221.062 39.498 115.772 11.359   129
170 0.584 1.013 53.976 221.062 31.927 100.237 7.868   125
175 0.544 0.744 51.737 88.785 26.889 82.995 5.858   125
180 0.552 1.276 71.633 187.903 37.132 121.074 10.803   125
185 0.608 1.636 81.148 187.903 39.978 137.945 10.705   125
190 0.552 1.586 90.492 187.903 42.515 145.142 13.231   125
195 0.566 1.792 90.457 187.903 52.134 155.698 18.081   129
200 0.553 1.826 79.654 169.691 47.950 138.378 17.772   132
205 0.489 1.394 87.947 157.835 40.410 132.065 14.012   137
210 0.448 1.332 79.956 89.646 11.904 77.223 7.332   143
215 0.464 0.983 86.908 166.210 25.653 116.275 8.424   151
220 0.580 1.523 90.727 166.210 44.657 147.836 12.699   162
225 0.600 1.728 91.429 215.939 45.278 155.256 12.851   175
230 0.605 2.657 92.553 215.939 54.228 165.998 20.059   162
235 0.623 1.680 113.196 215.939 49.235 183.508 11.971   151
240 0.580 1.648 121.193 215.939 58.179 195.399 17.001   143
245 0.496 1.888 122.170 215.939 66.276 192.991 26.884   137
250 0.530 1.108 124.671 215.939 59.467 193.654 16.627   132
255 0.496 1.122 117.980 215.939 59.549 183.307 18.773   129
260 0.488 0.920 122.450 215.939 68.308 193.847 20.539   125
265 0.488 2.120 132.324 221.062 65.936 201.017 27.599   125
270 0.480 1.771 113.208 221.062 67.798 184.855 28.822   125
275 0.488 1.978 121.041 221.062 69.363 194.201 29.743   125
280 0.512 1.100 122.480 221.062 64.892 194.801 19.771   125
285 0.488 1.156 153.437 221.062 60.034 214.001 18.793   129
290 0.583 1.303 102.743 221.062 70.336 190.279 22.083   132
295 0.708 2.344 121.076 221.062 70.927 223.025 16.558   137
300 0.769 1.223 124.131 221.062 65.012 226.646 5.987   143
305 0.583 1.513 147.087 221.062 55.756 218.285 14.430   151
310 0.568 1.627 114.118 221.062 59.344 188.879 18.576   162
315 0.674 1.193 112.381 221.062 53.899 193.134 8.795   175
320 0.623 1.852 116.247 221.062 60.527 198.391 16.762   162
325 0.589 1.662 116.797 221.062 62.654 197.117 18.816   151
330 0.566 1.443 109.040 221.062 58.637 183.162 17.681   143
335 0.613 1.358 92.773 221.062 55.171 168.351 14.584   137
340 0.598 1.441 78.815 221.062 52.592 149.971 16.316   132
345 0.566 1.189 61.786 221.062 39.498 115.772 11.888   129
350 0.584 1.109 53.976 221.062 31.927 100.237 8.307   125
355 0.544 0.841 51.737 88.785 26.889 82.995 6.341   125
