 Wd pai   fai   zH  zHmax   zHstd zd z0  noOfPixels
  0 0.520 1.228 105.061 163.556 42.259 152.666 12.379   125
  5 0.576 1.505 106.849 199.382 49.031 170.648 13.669   125
 10 0.504 1.481 122.833 199.382 48.552 176.849 16.267   125
 15 0.450 1.644 122.183 199.382 58.587 177.748 23.922   129
 20 0.492 2.572 104.325 199.382 58.458 167.800 26.992   132
 25 0.635 1.855 101.504 173.166 47.321 166.588 11.854   137
 30 0.657 1.439 106.062 173.166 44.203 170.047 8.300   143
 35 0.470 1.731 99.442 173.166 48.045 148.717 19.211   151
 40 0.519 0.867 81.742 163.556 53.016 141.267 15.360   162
 45 0.560 1.043 79.716 163.556 45.316 135.912 12.053   175
 50 0.568 1.374 93.895 163.556 42.739 147.600 11.663   162
 55 0.457 1.853 84.112 186.669 52.527 139.185 23.979   151
 60 0.448 2.026 84.992 186.669 61.948 147.233 31.853   143
 65 0.496 1.932 83.655 211.998 69.501 160.762 36.133   137
 70 0.553 1.769 108.642 211.998 74.964 195.547 29.813   132
 75 0.581 2.007 109.612 211.998 76.944 201.780 30.486   129
 80 0.616 1.891 100.983 211.998 69.172 190.076 23.683   125
 85 0.544 1.243 77.677 163.556 57.558 144.099 20.761   125
 90 0.496 1.463 66.942 174.586 55.543 128.971 25.782   125
 95 0.536 1.278 65.963 174.586 57.610 133.492 24.250   125
100 0.584 1.453 67.561 174.586 59.759 141.190 24.100   125
105 0.442 1.560 84.074 187.081 61.036 145.039 28.655   129
110 0.614 1.620 113.061 187.081 68.638 197.492 20.186   132
115 0.628 1.287 112.863 187.081 67.377 197.747 16.360   137
120 0.594 1.161 112.002 187.081 68.643 194.291 18.086   143
125 0.616 1.183 96.410 187.081 70.358 183.764 19.600   151
130 0.494 1.222 67.810 187.081 54.170 129.273 22.645   162
135 0.617 1.163 76.713 163.556 46.724 138.984 11.283   175
140 0.537 0.829 57.653 163.556 42.011 109.403 12.134   162
145 0.464 0.971 79.083 184.310 61.869 143.505 23.928   151
150 0.420 1.221 92.864 198.175 71.899 160.198 32.369   143
155 0.526 1.902 104.476 198.175 72.837 184.621 31.876   137
160 0.614 1.699 106.691 192.118 68.082 191.792 21.205   132
165 0.566 1.318 111.227 192.118 64.441 187.172 19.330   129
170 0.544 1.617 95.730 192.118 59.908 166.281 22.000   125
175 0.480 1.901 110.870 163.556 38.470 150.122 15.343   125
180 0.520 1.228 105.061 163.556 42.259 152.666 12.379   125
185 0.576 1.432 106.849 199.382 49.031 170.648 13.332   125
190 0.504 1.610 122.833 199.382 48.552 176.849 16.864   125
195 0.450 1.769 122.183 199.382 58.587 177.748 24.587   129
200 0.576 2.295 108.487 199.382 61.094 183.639 22.617   132
205 0.606 1.783 105.479 173.166 48.938 169.158 13.415   137
210 0.657 1.806 104.560 173.166 44.297 168.659 9.524   143
215 0.563 1.638 86.376 163.556 45.088 142.282 14.395   151
220 0.525 1.411 76.684 163.556 51.108 135.445 19.143   162
225 0.560 1.066 79.716 163.556 45.316 135.912 12.203   175
230 0.525 1.557 92.336 163.556 43.939 143.235 14.718   162
235 0.510 1.406 87.351 186.669 49.480 144.720 17.547   151
240 0.455 1.829 84.506 186.669 61.593 147.292 30.333   143
245 0.511 1.400 78.463 211.998 69.759 157.728 32.623   137
250 0.530 1.434 110.918 211.998 76.415 196.028 29.074   132
255 0.581 1.632 109.612 211.998 76.944 201.780 27.735   129
260 0.616 1.475 100.983 211.998 69.172 190.076 20.864   125
265 0.544 1.381 77.677 163.556 57.558 144.099 21.886   125
270 0.496 1.463 66.942 174.586 55.543 128.971 25.786   125
275 0.536 0.955 65.963 174.586 57.610 133.492 20.732   125
280 0.584 1.128 67.561 174.586 59.759 141.190 20.984   125
285 0.442 1.557 84.074 187.081 61.036 145.039 28.633   129
290 0.568 1.003 126.100 187.081 61.992 132.715 14.621   132
295 0.737 1.178 101.448 187.081 69.840 200.452 9.861   137
300 0.615 1.096 107.615 187.081 69.522 193.464 16.943   143
305 0.550 1.566 84.270 187.081 65.784 161.102 27.210   151
310 0.512 0.741 62.531 163.556 50.564 120.608 15.609   162
315 0.617 1.094 76.713 163.556 46.724 138.984 10.857   175
320 0.568 1.150 58.458 184.310 44.520 116.086 14.749   162
325 0.444 1.121 85.510 184.310 64.075 148.815 26.599   151
330 0.427 1.223 91.590 198.175 71.987 160.133 32.496   143
335 0.496 1.563 98.994 198.175 74.187 177.323 33.036   137
340 0.561 0.852 109.957 192.118 69.320 189.809 17.260   132
345 0.566 1.317 111.227 192.118 64.441 187.172 19.320   129
350 0.544 1.657 95.730 192.118 59.908 166.281 22.243   125
355 0.480 1.641 110.870 163.556 38.470 150.122 14.500   125
