 Wd pai   fai   zH  zHmax   zHstd zd z0  noOfPixels
  0 0.024 0.038 8.567 9.700 1.266 2.894 0.373   124
  5 0.008 0.015 7.200 7.200 0.000 1.638 0.066   124
 10 0.000 0.000 0.000 0.000 0.000 0.000 0.000   125
 15 0.016 0.030 7.750 9.100 1.350 2.627 0.256   128
 20 0.031 0.033 5.325 7.400 1.465 2.590 0.185   131
 25 0.037 0.051 9.120 11.200 1.222 4.208 0.539   135
 30 0.007 0.010 5.600 5.600 0.000 1.210 0.020   143
 35 0.020 0.030 6.100 9.100 2.220 2.740 0.196   151
 40 0.006 0.011 7.300 7.300 0.000 1.512 0.038   161
 45 0.012 0.008 5.800 5.800 0.000 1.502 0.013   173
 50 0.006 0.011 7.000 7.000 0.000 1.450 0.033   161
 55 0.013 0.023 6.800 9.100 2.300 2.475 0.141   151
 60 0.007 0.008 4.600 4.600 0.000 0.994 0.010   143
 65 0.015 0.025 6.700 9.300 2.600 2.633 0.162   135
 70 0.000 0.000 0.000 0.000 0.000 0.000 0.000   131
 75 0.016 0.023 10.850 11.900 1.050 3.435 0.234   128
 80 0.000 0.000 0.000 0.000 0.000 0.000 0.000   125
 85 0.024 0.027 7.467 8.900 1.621 2.523 0.197   124
 90 0.032 0.028 6.125 8.900 2.661 3.311 0.160   124
 95 0.000 0.000 0.000 0.000 0.000 0.000 0.000   124
100 0.008 0.000 6.000 6.000 0.000 1.361 0.000   125
105 0.000 0.000 0.000 0.000 0.000 0.000 0.000   128
110 0.000 0.000 0.000 0.000 0.000 0.000 0.000   131
115 0.007 0.025 13.700 13.700 0.000 3.023 0.362   135
120 0.021 0.038 7.200 10.600 2.439 3.242 0.315   143
125 0.060 0.055 9.856 12.700 2.227 5.747 0.555   151
130 0.062 0.060 13.140 20.400 5.363 9.070 0.812   161
135 0.017 0.024 16.767 16.800 0.047 5.025 0.385   173
140 0.031 0.026 8.320 8.500 0.183 3.075 0.193   161
145 0.007 0.014 8.200 8.200 0.000 1.738 0.066   151
150 0.042 0.045 6.533 7.900 1.186 3.210 0.323   143
155 0.022 0.035 8.433 12.900 3.158 3.998 0.334   135
160 0.031 0.045 7.575 11.200 2.317 3.830 0.399   131
165 0.008 0.016 8.200 8.200 0.000 1.844 0.093   128
170 0.008 0.013 6.700 6.700 0.000 1.520 0.052   125
175 0.032 0.036 8.050 12.600 2.772 4.315 0.303   124
180 0.016 0.022 5.500 5.800 0.300 1.693 0.109   124
185 0.008 0.011 5.300 5.300 0.000 1.206 0.024   124
190 0.008 0.016 8.200 8.200 0.000 1.860 0.097   125
195 0.016 0.020 5.150 6.200 1.050 1.790 0.086   128
200 0.031 0.033 5.325 7.400 1.465 2.590 0.185   131
205 0.037 0.050 9.120 11.200 1.222 4.208 0.523   135
210 0.000 0.000 0.000 0.000 0.000 0.000 0.000   143
215 0.020 0.030 6.100 9.100 2.220 2.740 0.196   151
220 0.006 0.011 7.300 7.300 0.000 1.512 0.038   161
225 0.012 0.008 5.800 5.800 0.000 1.502 0.013   173
230 0.006 0.011 7.000 7.000 0.000 1.450 0.033   161
235 0.013 0.023 6.800 9.100 2.300 2.475 0.141   151
240 0.007 0.008 4.600 4.600 0.000 0.994 0.010   143
245 0.015 0.025 6.700 9.300 2.600 2.633 0.162   135
250 0.000 0.000 0.000 0.000 0.000 0.000 0.000   131
255 0.000 0.000 0.000 0.000 0.000 0.000 0.000   128
260 0.032 0.035 8.050 9.800 1.036 3.507 0.295   125
265 0.016 0.039 9.650 10.900 1.250 3.182 0.454   124
270 0.016 0.021 5.100 5.400 0.300 1.577 0.088   124
275 0.008 0.012 5.900 5.900 0.000 1.342 0.034   124
280 0.000 0.000 0.000 0.000 0.000 0.000 0.000   125
285 0.000 0.000 0.000 0.000 0.000 0.000 0.000   128
290 0.000 0.000 0.000 0.000 0.000 0.000 0.000   131
295 0.007 0.025 13.700 13.700 0.000 3.023 0.362   135
300 0.014 0.029 8.300 10.600 2.300 2.940 0.259   143
305 0.060 0.051 9.856 12.700 2.227 5.747 0.513   151
310 0.062 0.060 13.140 20.400 5.363 9.070 0.805   161
315 0.017 0.024 16.767 16.800 0.047 5.025 0.382   173
320 0.031 0.026 8.320 8.500 0.183 3.075 0.191   161
325 0.007 0.014 8.200 8.200 0.000 1.738 0.066   151
330 0.042 0.045 6.533 7.900 1.186 3.210 0.320   143
335 0.022 0.035 8.433 12.900 3.158 3.998 0.334   135
340 0.031 0.045 7.575 11.200 2.317 3.830 0.399   131
345 0.031 0.053 6.725 8.100 1.167 2.958 0.422   128
350 0.032 0.025 6.125 7.400 1.132 2.735 0.130   125
355 0.016 0.024 5.900 6.600 0.700 1.927 0.132   124
