 Wd pai   fai   zH  zHmax   zHstd zd z0  noOfPixels
  0 0.113 0.183 16.364 22.800 6.027 13.240 2.168   124
  5 0.145 0.199 15.244 22.800 5.153 13.501 1.875   124
 10 0.144 0.260 17.172 22.800 5.511 14.585 2.518   125
 15 0.180 0.286 14.561 23.300 6.633 15.063 2.114   128
 20 0.183 0.232 13.771 22.300 5.367 13.862 1.666   131
 25 0.178 0.213 13.142 22.300 5.821 13.618 1.572   135
 30 0.175 0.261 15.484 22.800 4.173 13.995 1.992   143
 35 0.152 0.216 12.891 22.000 5.406 12.512 1.673   151
 40 0.130 0.187 12.086 22.000 5.565 11.530 1.556   161
 45 0.139 0.183 12.671 22.000 5.893 12.254 1.562   173
 50 0.087 0.116 13.236 22.000 5.852 10.650 1.392   161
 55 0.066 0.088 14.690 21.300 4.967 9.801 1.322   151
 60 0.098 0.141 13.579 22.000 6.077 11.340 1.591   143
 65 0.052 0.105 20.000 22.800 3.038 8.891 2.252   135
 70 0.160 0.253 14.038 22.000 5.185 13.242 1.933   131
 75 0.133 0.222 12.653 25.600 7.055 13.062 1.875   128
 80 0.152 0.251 14.700 22.100 4.652 13.079 2.043   125
 85 0.137 0.197 14.976 22.100 5.515 13.181 1.901   124
 90 0.161 0.196 13.495 22.100 5.655 13.243 1.587   124
 95 0.089 0.107 13.936 22.100 6.556 11.306 1.361   124
100 0.056 0.074 17.200 22.100 6.223 7.861 1.373   125
105 0.094 0.114 14.517 22.900 7.379 12.210 1.466   128
110 0.069 0.096 19.678 23.000 4.583 9.680 1.895   131
115 0.089 0.124 17.308 23.000 5.879 9.342 1.881   135
120 0.168 0.243 16.921 25.400 6.278 16.082 2.213   143
125 0.099 0.124 17.680 23.300 6.116 9.932 1.841   151
130 0.143 0.176 16.239 23.300 5.614 14.222 1.848   161
135 0.162 0.150 15.732 23.200 5.511 14.531 1.462   173
140 0.099 0.095 16.469 23.600 5.970 12.795 1.357   161
145 0.113 0.158 15.365 23.600 6.373 13.066 1.852   151
150 0.140 0.204 17.135 23.600 5.389 14.486 2.178   143
155 0.185 0.173 15.768 23.600 5.445 15.277 1.498   135
160 0.122 0.221 18.944 23.600 3.928 13.961 2.698   131
165 0.164 0.225 14.562 23.600 6.184 14.388 1.874   128
170 0.128 0.163 17.612 23.400 5.295 14.180 1.997   125
175 0.113 0.144 17.007 23.400 5.413 13.348 1.872   124
180 0.137 0.164 15.647 23.400 5.862 13.864 1.745   124
185 0.202 0.250 14.824 23.400 5.654 15.277 1.765   124
190 0.184 0.277 14.339 23.400 6.294 14.885 1.996   125
195 0.141 0.221 15.144 23.800 6.187 13.956 2.073   128
200 0.183 0.236 13.742 22.300 5.324 13.821 1.680   131
205 0.178 0.218 13.142 22.300 5.821 13.618 1.596   135
210 0.154 0.272 15.868 22.800 3.934 13.464 2.267   143
215 0.152 0.219 12.891 22.000 5.406 12.512 1.692   151
220 0.130 0.184 12.086 22.000 5.565 11.530 1.540   161
225 0.139 0.176 12.671 22.000 5.893 12.254 1.520   173
230 0.087 0.118 13.186 21.300 5.779 10.509 1.397   161
235 0.066 0.081 15.010 22.000 5.313 10.129 1.246   151
240 0.098 0.139 13.579 22.000 6.077 11.340 1.579   143
245 0.052 0.103 20.129 22.800 3.100 8.948 2.236   135
250 0.160 0.226 14.005 21.300 5.136 13.104 1.791   131
255 0.133 0.243 15.912 24.800 6.848 14.513 2.394   128
260 0.128 0.155 12.900 23.000 6.248 12.330 1.465   125
265 0.121 0.272 15.467 23.300 5.956 13.212 2.565   124
270 0.121 0.256 14.433 23.000 5.814 12.622 2.319   124
275 0.097 0.192 14.733 23.000 6.795 12.215 2.177   124
280 0.056 0.066 17.471 23.000 6.050 7.985 1.225   125
285 0.117 0.162 12.280 23.000 6.636 11.848 1.526   128
290 0.069 0.075 19.578 23.000 4.541 9.631 1.484   131
295 0.089 0.124 17.308 23.000 5.879 9.342 1.886   135
300 0.168 0.238 17.133 25.400 6.327 16.222 2.207   143
305 0.099 0.110 17.680 23.300 6.116 9.932 1.660   151
310 0.143 0.172 16.239 23.300 5.614 14.222 1.820   161
315 0.162 0.148 15.732 23.200 5.511 14.531 1.451   173
320 0.099 0.091 16.413 23.600 5.921 12.752 1.299   161
325 0.113 0.156 15.376 23.600 6.384 13.076 1.830   151
330 0.140 0.202 17.135 23.600 5.389 14.486 2.166   143
335 0.185 0.196 15.740 23.600 5.415 15.243 1.639   135
340 0.122 0.220 18.888 23.600 3.890 13.919 2.683   131
345 0.133 0.154 17.982 22.700 4.811 11.215 1.906   128
350 0.128 0.141 15.037 22.800 6.315 13.372 1.561   125
355 0.137 0.158 15.082 22.800 5.345 13.248 1.627   124
