 Wd pai   fai   zH  zHmax   zHstd zd z0  noOfPixels
  0 0.016 0.017 8.100 8.400 0.300 2.452 0.096   124
  5 0.008 0.017 8.300 8.300 0.000 1.888 0.102   124
 10 0.024 0.046 7.733 9.700 1.438 3.175 0.435   125
 15 0.039 0.035 8.700 10.800 1.243 4.126 0.306   128
 20 0.031 0.041 7.875 10.000 1.512 3.546 0.364   131
 25 0.030 0.059 11.025 13.200 1.650 4.692 0.803   135
 30 0.056 0.073 10.575 13.000 1.796 5.754 0.837   143
 35 0.007 0.041 24.900 24.900 0.000 5.277 1.338   151
 40 0.012 0.011 7.200 7.500 0.300 1.993 0.031   161
 45 0.023 0.028 6.225 7.200 0.576 2.325 0.170   173
 50 0.006 0.008 4.900 4.900 0.000 1.015 0.009   161
 55 0.000 0.000 0.000 0.000 0.000 0.000 0.000   151
 60 0.000 0.000 0.000 0.000 0.000 0.000 0.000   143
 65 0.015 0.011 6.500 7.300 0.800 2.067 0.027   135
 70 0.000 0.000 0.000 0.000 0.000 0.000 0.000   131
 75 0.000 0.000 0.000 0.000 0.000 0.000 0.000   128
 80 0.008 0.010 5.100 5.100 0.000 1.157 0.020   125
 85 0.008 0.010 5.100 5.100 0.000 1.160 0.021   124
 90 0.016 0.028 7.000 9.500 2.500 2.774 0.206   124
 95 0.016 0.028 6.950 9.800 2.850 2.861 0.202   124
100 0.008 0.014 7.200 7.200 0.000 1.633 0.065   125
105 0.000 0.000 0.000 0.000 0.000 0.000 0.000   128
110 0.000 0.000 0.000 0.000 0.000 0.000 0.000   131
115 0.015 0.012 6.500 6.500 0.000 1.841 0.037   135
120 0.014 0.016 9.000 9.100 0.100 2.524 0.091   143
125 0.013 0.021 6.300 7.400 1.100 2.013 0.114   151
130 0.006 0.008 5.200 5.200 0.000 1.077 0.011   161
135 0.012 0.010 6.600 6.600 0.000 1.709 0.021   173
140 0.006 0.012 7.800 7.800 0.000 1.615 0.048   161
145 0.046 0.090 12.029 23.000 5.751 8.277 1.208   151
150 0.035 0.069 18.220 26.400 6.309 9.758 1.499   143
155 0.067 0.061 15.756 20.100 3.862 9.626 0.955   135
160 0.038 0.092 17.580 31.900 9.587 11.501 1.882   131
165 0.039 0.062 16.980 21.400 3.326 8.328 1.220   128
170 0.008 0.015 7.300 7.300 0.000 1.656 0.068   125
175 0.016 0.025 10.550 12.500 1.950 3.650 0.260   124
180 0.000 0.000 0.000 0.000 0.000 0.000 0.000   124
185 0.000 0.000 0.000 0.000 0.000 0.000 0.000   124
190 0.024 0.063 12.833 23.800 7.768 7.411 1.027   125
195 0.039 0.097 9.960 15.500 3.075 5.585 1.116   128
200 0.031 0.044 7.875 10.000 1.512 3.546 0.400   131
205 0.030 0.057 11.025 13.200 1.650 4.692 0.770   135
210 0.056 0.071 10.575 13.000 1.796 5.754 0.805   143
215 0.007 0.041 24.900 24.900 0.000 5.277 1.338   151
220 0.012 0.012 7.200 7.500 0.300 1.993 0.038   161
225 0.023 0.028 6.225 7.200 0.576 2.325 0.170   173
230 0.006 0.008 4.900 4.900 0.000 1.015 0.009   161
235 0.000 0.000 0.000 0.000 0.000 0.000 0.000   151
240 0.000 0.000 0.000 0.000 0.000 0.000 0.000   143
245 0.015 0.014 6.500 7.300 0.800 2.067 0.048   135
250 0.000 0.000 0.000 0.000 0.000 0.000 0.000   131
255 0.008 0.010 5.100 5.100 0.000 1.147 0.019   128
260 0.000 0.000 0.000 0.000 0.000 0.000 0.000   125
265 0.000 0.000 0.000 0.000 0.000 0.000 0.000   124
270 0.008 0.008 4.100 4.100 0.000 0.933 0.009   124
275 0.016 0.033 8.100 8.900 0.800 2.598 0.299   124
280 0.008 0.015 7.300 7.300 0.000 1.656 0.068   125
285 0.000 0.000 0.000 0.000 0.000 0.000 0.000   128
290 0.000 0.000 0.000 0.000 0.000 0.000 0.000   131
295 0.015 0.012 6.500 6.500 0.000 1.841 0.037   135
300 0.014 0.016 9.000 9.100 0.100 2.524 0.096   143
305 0.013 0.021 6.300 7.400 1.100 2.013 0.114   151
310 0.006 0.008 5.200 5.200 0.000 1.077 0.011   161
315 0.012 0.010 6.600 6.600 0.000 1.709 0.021   173
320 0.006 0.012 7.800 7.800 0.000 1.615 0.048   161
325 0.046 0.090 12.029 23.000 5.751 8.277 1.208   151
330 0.035 0.071 18.220 26.400 6.309 9.758 1.542   143
335 0.067 0.081 15.756 20.100 3.862 9.626 1.305   135
340 0.038 0.092 17.580 31.900 9.587 11.501 1.882   131
345 0.031 0.056 15.650 20.800 4.791 7.632 1.051   128
350 0.016 0.040 10.050 12.100 2.050 3.523 0.494   125
355 0.000 0.000 0.000 0.000 0.000 0.000 0.000   124
