 Wd pai   fai   zH  zHmax   zHstd zd z0  noOfPixels
  0 0.056 0.094 18.543 24.400 6.460 8.499 1.856   124
  5 0.081 0.114 14.590 22.400 6.282 11.119 1.549   124
 10 0.008 0.010 4.800 4.800 0.000 1.089 0.016   125
 15 0.016 0.029 7.400 9.300 1.900 2.684 0.227   128
 20 0.053 0.035 7.643 11.300 1.671 4.464 0.243   131
 25 0.133 0.095 12.022 18.700 4.509 10.651 0.849   135
 30 0.119 0.191 14.300 27.300 6.750 13.434 1.949   143
 35 0.113 0.176 17.294 22.300 3.508 12.462 2.200   151
 40 0.087 0.141 13.486 20.200 4.936 10.140 1.647   161
 45 0.081 0.102 11.257 18.100 3.846 8.306 1.080   173
 50 0.093 0.121 14.000 20.800 4.694 10.584 1.463   161
 55 0.040 0.117 16.833 26.000 4.362 9.227 2.198   151
 60 0.021 0.015 6.233 8.500 1.636 2.625 0.054   143
 65 0.052 0.055 23.857 30.000 5.977 13.290 1.404   135
 70 0.115 0.107 27.587 31.100 3.817 16.310 2.339   131
 75 0.086 0.127 20.582 29.100 8.061 15.349 2.325   128
 80 0.040 0.065 19.540 26.700 5.495 10.402 1.484   125
 85 0.016 0.050 12.450 18.000 5.550 5.255 0.803   124
 90 0.008 0.015 7.300 7.300 0.000 1.661 0.069   124
 95 0.000 0.000 0.000 0.000 0.000 0.000 0.000   124
100 0.000 0.000 0.000 0.000 0.000 0.000 0.000   125
105 0.000 0.000 0.000 0.000 0.000 0.000 0.000   128
110 0.015 0.014 5.950 7.100 1.150 2.032 0.044   131
115 0.000 0.000 0.000 0.000 0.000 0.000 0.000   135
120 0.000 0.000 0.000 0.000 0.000 0.000 0.000   143
125 0.000 0.000 0.000 0.000 0.000 0.000 0.000   151
130 0.000 0.000 0.000 0.000 0.000 0.000 0.000   161
135 0.000 0.000 0.000 0.000 0.000 0.000 0.000   173
140 0.012 0.011 6.600 6.800 0.200 1.807 0.028   161
145 0.000 0.000 0.000 0.000 0.000 0.000 0.000   151
150 0.021 0.020 9.633 11.300 2.357 3.092 0.149   143
155 0.037 0.041 14.320 20.300 3.596 7.413 0.627   135
160 0.069 0.077 18.433 22.800 2.972 10.752 1.439   131
165 0.016 0.043 11.100 13.600 2.500 3.926 0.602   128
170 0.064 0.170 17.013 22.600 3.926 10.302 2.616   125
175 0.105 0.190 20.592 28.000 5.787 15.369 2.872   124
180 0.081 0.114 20.130 26.900 6.420 13.895 2.115   124
185 0.073 0.139 14.567 22.800 5.819 10.595 1.867   124
190 0.048 0.049 6.433 10.400 2.134 3.961 0.335   125
195 0.062 0.062 7.450 11.800 2.640 5.046 0.474   128
200 0.053 0.032 7.643 11.300 1.671 4.464 0.219   131
205 0.133 0.131 12.022 18.700 4.509 10.651 1.138   135
210 0.133 0.212 14.037 22.900 6.340 13.092 1.948   143
215 0.113 0.205 17.294 22.300 3.508 12.462 2.444   151
220 0.087 0.170 13.486 20.200 4.936 10.140 1.884   161
225 0.081 0.112 11.257 18.100 3.846 8.306 1.165   173
230 0.093 0.125 14.000 20.800 4.694 10.584 1.505   161
235 0.040 0.117 16.833 26.000 4.362 9.227 2.198   151
240 0.021 0.015 6.233 8.500 1.636 2.625 0.054   143
245 0.052 0.057 23.857 30.000 5.977 13.290 1.476   135
250 0.115 0.112 27.587 31.100 3.817 16.310 2.436   131
255 0.070 0.094 26.856 30.200 3.092 14.898 2.510   128
260 0.048 0.111 19.983 27.500 7.098 11.779 2.406   125
265 0.024 0.096 15.800 20.100 4.553 5.338 1.876   124
270 0.000 0.000 0.000 0.000 0.000 0.000 0.000   124
275 0.000 0.000 0.000 0.000 0.000 0.000 0.000   124
280 0.000 0.000 0.000 0.000 0.000 0.000 0.000   125
285 0.000 0.000 0.000 0.000 0.000 0.000 0.000   128
290 0.015 0.014 5.950 7.100 1.150 2.032 0.044   131
295 0.000 0.000 0.000 0.000 0.000 0.000 0.000   135
300 0.000 0.000 0.000 0.000 0.000 0.000 0.000   143
305 0.000 0.000 0.000 0.000 0.000 0.000 0.000   151
310 0.000 0.000 0.000 0.000 0.000 0.000 0.000   161
315 0.000 0.000 0.000 0.000 0.000 0.000 0.000   173
320 0.012 0.010 6.600 6.800 0.200 1.807 0.024   161
325 0.000 0.000 0.000 0.000 0.000 0.000 0.000   151
330 0.021 0.000 9.633 11.300 2.357 3.092 0.000   143
335 0.037 0.038 14.320 20.300 3.596 7.413 0.565   135
340 0.069 0.040 18.433 22.800 2.972 10.752 0.650   131
345 0.008 0.013 6.900 6.900 0.000 1.552 0.054   128
350 0.056 0.140 17.000 19.600 2.398 8.899 2.365   125
355 0.105 0.205 19.400 22.700 1.876 12.413 2.844   124
