 Wd pai   fai   zH  zHmax   zHstd zd z0  noOfPixels
  0 0.048 0.073 9.917 20.500 4.768 7.076 0.812   124
  5 0.016 0.028 6.950 7.600 0.650 2.219 0.203   124
 10 0.056 0.072 13.014 21.000 6.276 9.083 1.003   125
 15 0.008 0.014 7.300 7.300 0.000 1.642 0.064   128
 20 0.015 0.042 10.900 13.500 2.600 3.864 0.562   131
 25 0.015 0.026 6.950 8.700 1.750 2.464 0.179   135
 30 0.021 0.024 6.467 7.800 0.943 2.441 0.140   143
 35 0.046 0.058 6.629 11.700 2.133 4.115 0.424   151
 40 0.012 0.035 11.200 17.400 6.200 4.624 0.460   161
 45 0.127 0.079 13.427 22.500 6.097 12.427 0.814   173
 50 0.124 0.116 13.635 21.400 5.664 12.072 1.214   161
 55 0.060 0.056 5.433 7.100 1.332 3.216 0.314   151
 60 0.056 0.085 10.425 18.300 4.645 7.337 0.956   143
 65 0.015 0.030 8.050 9.000 0.950 2.548 0.261   135
 70 0.053 0.059 9.186 12.300 2.297 5.290 0.581   131
 75 0.047 0.047 11.667 12.400 0.782 5.001 0.585   128
 80 0.000 0.000 0.000 0.000 0.000 0.000 0.000   125
 85 0.008 0.011 5.300 5.300 0.000 1.206 0.024   124
 90 0.040 0.041 5.080 7.400 1.186 2.707 0.224   124
 95 0.008 0.015 7.400 7.400 0.000 1.683 0.072   124
100 0.016 0.023 5.750 7.000 1.250 2.038 0.121   125
105 0.023 0.026 5.833 7.000 1.190 1.948 0.144   128
110 0.038 0.104 12.100 23.400 8.406 8.595 1.447   131
115 0.015 0.019 5.000 5.200 0.200 1.472 0.072   135
120 0.077 0.073 9.673 14.000 3.424 6.854 0.681   143
125 0.020 0.043 8.733 11.400 2.604 3.579 0.462   151
130 0.043 0.052 9.886 13.500 1.635 5.094 0.576   161
135 0.064 0.052 11.018 14.800 2.873 6.791 0.566   173
140 0.137 0.098 12.100 19.500 3.562 10.393 0.851   161
145 0.060 0.083 12.022 15.100 3.138 5.619 1.053   151
150 0.077 0.092 11.173 13.600 1.978 6.812 0.987   143
155 0.059 0.104 10.475 13.900 2.685 6.257 1.134   135
160 0.053 0.070 9.243 11.400 1.535 4.943 0.706   131
165 0.023 0.049 8.400 9.400 0.748 3.097 0.511   128
170 0.024 0.043 7.167 7.600 0.419 2.558 0.368   125
175 0.073 0.105 8.556 12.100 2.401 5.673 0.871   124
180 0.024 0.043 7.067 7.800 0.713 2.632 0.359   124
185 0.016 0.027 6.650 7.300 0.650 2.131 0.181   124
190 0.032 0.049 8.600 18.300 5.623 5.853 0.487   125
195 0.031 0.044 6.800 8.400 1.451 3.081 0.339   128
200 0.015 0.042 10.900 13.500 2.600 3.864 0.562   131
205 0.015 0.026 6.950 8.700 1.750 2.464 0.179   135
210 0.021 0.024 6.467 7.800 0.943 2.441 0.140   143
215 0.046 0.058 6.629 11.700 2.133 4.115 0.424   151
220 0.012 0.035 11.200 17.400 6.200 4.624 0.460   161
225 0.127 0.070 13.427 22.500 6.097 12.427 0.714   173
230 0.124 0.112 13.635 21.400 5.664 12.072 1.179   161
235 0.060 0.054 5.433 7.100 1.332 3.216 0.298   151
240 0.056 0.086 10.425 18.300 4.645 7.337 0.959   143
245 0.015 0.030 8.050 9.000 0.950 2.548 0.261   135
250 0.053 0.059 9.186 12.300 2.297 5.290 0.579   131
255 0.055 0.051 12.643 13.800 0.944 6.192 0.666   128
260 0.008 0.011 5.300 5.300 0.000 1.202 0.023   125
265 0.016 0.010 4.750 4.900 0.150 1.431 0.016   124
270 0.024 0.028 7.300 7.800 0.356 2.611 0.207   124
275 0.032 0.040 6.725 7.700 0.879 2.865 0.301   124
280 0.016 0.014 5.500 6.800 1.300 1.980 0.041   125
285 0.047 0.024 5.517 6.800 1.046 2.852 0.099   128
290 0.038 0.105 12.100 23.400 8.406 8.595 1.454   131
295 0.015 0.019 5.000 5.200 0.200 1.472 0.072   135
300 0.070 0.067 10.150 14.000 3.223 6.723 0.672   143
305 0.020 0.043 8.733 11.400 2.604 3.579 0.462   151
310 0.043 0.051 9.886 13.500 1.635 5.094 0.556   161
315 0.064 0.051 11.018 14.800 2.873 6.791 0.558   173
320 0.137 0.104 12.100 19.500 3.562 10.393 0.898   161
325 0.060 0.087 12.022 15.100 3.138 5.619 1.099   151
330 0.077 0.090 11.173 13.600 1.978 6.812 0.969   143
335 0.059 0.101 10.475 13.900 2.685 6.257 1.099   135
340 0.053 0.068 9.243 11.400 1.535 4.943 0.680   131
345 0.016 0.039 9.950 12.900 2.950 3.724 0.468   128
350 0.008 0.012 6.200 6.200 0.000 1.406 0.040   125
355 0.065 0.074 10.200 16.300 3.821 7.076 0.775   124
